1900.00  -0.0072170   0.0476689
1900.05  -0.0072561   0.0478737
1900.10  -0.0072963   0.0480789
1900.15  -0.0073374   0.0482843
1900.20  -0.0073795   0.0484901
1900.25  -0.0074225   0.0486962
1900.30  -0.0074666   0.0489025
1900.35  -0.0075117   0.0491091
1900.40  -0.0075578   0.0493160
1900.45  -0.0076049   0.0495232
1900.50  -0.0076530   0.0497305
1900.55  -0.0077021   0.0499381
1900.60  -0.0077523   0.0501460
1900.65  -0.0078035   0.0503540
1900.70  -0.0078557   0.0505622
1900.75  -0.0079090   0.0507707
1900.80  -0.0079634   0.0509793
1900.85  -0.0080188   0.0511880
1900.90  -0.0080752   0.0513970
1900.95  -0.0081328   0.0516061
1901.00  -0.0081914   0.0518153
1901.05  -0.0082510   0.0520246
1901.10  -0.0083118   0.0522341
1901.15  -0.0083736   0.0524436
1901.20  -0.0084365   0.0526533
1901.25  -0.0085004   0.0528630
1901.30  -0.0085655   0.0530729
1901.35  -0.0086317   0.0532828
1901.40  -0.0086989   0.0534927
1901.45  -0.0087672   0.0537027
1901.50  -0.0088366   0.0539128
1901.55  -0.0089071   0.0541229
1901.60  -0.0089787   0.0543330
1901.65  -0.0090513   0.0545431
1901.70  -0.0091251   0.0547533
1901.75  -0.0091999   0.0549634
1901.80  -0.0092758   0.0551735
1901.85  -0.0093528   0.0553836
1901.90  -0.0094308   0.0555937
1901.95  -0.0095099   0.0558038
1902.00  -0.0095901   0.0560138
1902.05  -0.0096714   0.0562238
1902.10  -0.0097537   0.0564338
1902.15  -0.0098371   0.0566437
1902.20  -0.0099215   0.0568535
1902.25  -0.0100069   0.0570633
1902.30  -0.0100934   0.0572730
1902.35  -0.0101809   0.0574826
1902.40  -0.0102694   0.0576921
1902.45  -0.0103590   0.0579016
1902.50  -0.0104495   0.0581110
1902.55  -0.0105410   0.0583203
1902.60  -0.0106335   0.0585295
1902.65  -0.0107270   0.0587386
1902.70  -0.0108214   0.0589477
1902.75  -0.0109168   0.0591566
1902.80  -0.0110131   0.0593655
1902.85  -0.0111104   0.0595742
1902.90  -0.0112085   0.0597829
1902.95  -0.0113075   0.0599915
1903.00  -0.0114075   0.0601999
1903.05  -0.0115082   0.0604083
1903.10  -0.0116098   0.0606166
1903.15  -0.0117123   0.0608249
1903.20  -0.0118156   0.0610330
1903.25  -0.0119196   0.0612410
1903.30  -0.0120244   0.0614490
1903.35  -0.0121300   0.0616569
1903.40  -0.0122364   0.0618648
1903.45  -0.0123434   0.0620726
1903.50  -0.0124511   0.0622803
1903.55  -0.0125596   0.0624880
1903.60  -0.0126686   0.0626957
1903.65  -0.0127783   0.0629033
1903.70  -0.0128886   0.0631109
1903.75  -0.0129995   0.0633185
1903.80  -0.0131109   0.0635261
1903.85  -0.0132229   0.0637337
1903.90  -0.0133354   0.0639414
1903.95  -0.0134484   0.0641490
1904.00  -0.0135618   0.0643567
1904.05  -0.0136756   0.0645644
1904.10  -0.0137898   0.0647722
1904.15  -0.0139044   0.0649801
1904.20  -0.0140194   0.0651881
1904.25  -0.0141346   0.0653962
1904.30  -0.0142501   0.0656044
1904.35  -0.0143659   0.0658127
1904.40  -0.0144819   0.0660212
1904.45  -0.0145981   0.0662298
1904.50  -0.0147144   0.0664386
1904.55  -0.0148308   0.0666477
1904.60  -0.0149474   0.0668569
1904.65  -0.0150640   0.0670663
1904.70  -0.0151806   0.0672761
1904.75  -0.0152972   0.0674860
1904.80  -0.0154137   0.0676963
1904.85  -0.0155301   0.0679068
1904.90  -0.0156465   0.0681177
1904.95  -0.0157626   0.0683289
1905.00  -0.0158786   0.0685405
1905.05  -0.0159944   0.0687525
1905.10  -0.0161099   0.0689648
1905.15  -0.0162250   0.0691776
1905.20  -0.0163399   0.0693908
1905.25  -0.0164543   0.0696045
1905.30  -0.0165684   0.0698186
1905.35  -0.0166820   0.0700332
1905.40  -0.0167951   0.0702484
1905.45  -0.0169076   0.0704640
1905.50  -0.0170196   0.0706803
1905.55  -0.0171310   0.0708971
1905.60  -0.0172418   0.0711145
1905.65  -0.0173518   0.0713325
1905.70  -0.0174612   0.0715511
1905.75  -0.0175697   0.0717704
1905.80  -0.0176775   0.0719904
1905.85  -0.0177845   0.0722110
1905.90  -0.0178905   0.0724323
1905.95  -0.0179957   0.0726544
1906.00  -0.0180999   0.0728772
1906.05  -0.0182032   0.0731007
1906.10  -0.0183054   0.0733250
1906.15  -0.0184065   0.0735501
1906.20  -0.0185065   0.0737760
1906.25  -0.0186055   0.0740027
1906.30  -0.0187032   0.0742302
1906.35  -0.0187997   0.0744586
1906.40  -0.0188950   0.0746878
1906.45  -0.0189890   0.0749179
1906.50  -0.0190818   0.0751488
1906.55  -0.0191731   0.0753807
1906.60  -0.0192631   0.0756134
1906.65  -0.0193517   0.0758470
1906.70  -0.0194388   0.0760815
1906.75  -0.0195244   0.0763169
1906.80  -0.0196086   0.0765533
1906.85  -0.0196912   0.0767905
1906.90  -0.0197722   0.0770287
1906.95  -0.0198517   0.0772678
1907.00  -0.0199295   0.0775078
1907.05  -0.0200056   0.0777487
1907.10  -0.0200801   0.0779906
1907.15  -0.0201529   0.0782334
1907.20  -0.0202239   0.0784770
1907.25  -0.0202931   0.0787216
1907.30  -0.0203606   0.0789671
1907.35  -0.0204263   0.0792134
1907.40  -0.0204901   0.0794607
1907.45  -0.0205521   0.0797088
1907.50  -0.0206122   0.0799578
1907.55  -0.0206704   0.0802076
1907.60  -0.0207267   0.0804582
1907.65  -0.0207810   0.0807096
1907.70  -0.0208334   0.0809618
1907.75  -0.0208838   0.0812148
1907.80  -0.0209323   0.0814686
1907.85  -0.0209787   0.0817230
1907.90  -0.0210231   0.0819782
1907.95  -0.0210655   0.0822340
1908.00  -0.0211058   0.0824905
1908.05  -0.0211441   0.0827476
1908.10  -0.0211803   0.0830053
1908.15  -0.0212145   0.0832636
1908.20  -0.0212465   0.0835223
1908.25  -0.0212765   0.0837816
1908.30  -0.0213043   0.0840413
1908.35  -0.0213301   0.0843014
1908.40  -0.0213537   0.0845619
1908.45  -0.0213753   0.0848228
1908.50  -0.0213947   0.0850839
1908.55  -0.0214119   0.0853453
1908.60  -0.0214271   0.0856069
1908.65  -0.0214401   0.0858686
1908.70  -0.0214511   0.0861305
1908.75  -0.0214598   0.0863924
1908.80  -0.0214665   0.0866544
1908.85  -0.0214711   0.0869163
1908.90  -0.0214735   0.0871781
1908.95  -0.0214738   0.0874398
1909.00  -0.0214720   0.0877013
1909.05  -0.0214682   0.0879625
1909.10  -0.0214622   0.0882235
1909.15  -0.0214541   0.0884840
1909.20  -0.0214440   0.0887442
1909.25  -0.0214318   0.0890039
1909.30  -0.0214175   0.0892630
1909.35  -0.0214012   0.0895215
1909.40  -0.0213828   0.0897794
1909.45  -0.0213624   0.0900366
1909.50  -0.0213401   0.0902930
1909.55  -0.0213157   0.0905485
1909.60  -0.0212893   0.0908031
1909.65  -0.0212609   0.0910567
1909.70  -0.0212306   0.0913093
1909.75  -0.0211984   0.0915608
1909.80  -0.0211642   0.0918111
1909.85  -0.0211281   0.0920602
1909.90  -0.0210901   0.0923080
1909.95  -0.0210502   0.0925544
1910.00  -0.0210085   0.0927994
1910.05  -0.0209650   0.0930429
1910.10  -0.0209196   0.0932848
1910.15  -0.0208724   0.0935251
1910.20  -0.0208234   0.0937637
1910.25  -0.0207727   0.0940005
1910.30  -0.0207202   0.0942355
1910.35  -0.0206660   0.0944687
1910.40  -0.0206101   0.0946998
1910.45  -0.0205525   0.0949290
1910.50  -0.0204932   0.0951561
1910.55  -0.0204323   0.0953810
1910.60  -0.0203698   0.0956037
1910.65  -0.0203057   0.0958242
1910.70  -0.0202400   0.0960424
1910.75  -0.0201727   0.0962582
1910.80  -0.0201039   0.0964715
1910.85  -0.0200336   0.0966824
1910.90  -0.0199618   0.0968907
1910.95  -0.0198886   0.0970964
1911.00  -0.0198139   0.0972994
1911.05  -0.0197377   0.0974997
1911.10  -0.0196602   0.0976973
1911.15  -0.0195812   0.0978921
1911.20  -0.0195009   0.0980840
1911.25  -0.0194193   0.0982730
1911.30  -0.0193363   0.0984590
1911.35  -0.0192521   0.0986421
1911.40  -0.0191665   0.0988221
1911.45  -0.0190798   0.0989991
1911.50  -0.0189917   0.0991730
1911.55  -0.0189025   0.0993437
1911.60  -0.0188120   0.0995112
1911.65  -0.0187204   0.0996755
1911.70  -0.0186276   0.0998366
1911.75  -0.0185337   0.0999944
1911.80  -0.0184387   0.1001488
1911.85  -0.0183426   0.1003000
1911.90  -0.0182454   0.1004478
1911.95  -0.0181471   0.1005923
1912.00  -0.0180478   0.1007333
1912.05  -0.0179474   0.1008710
1912.10  -0.0178461   0.1010052
1912.15  -0.0177437   0.1011360
1912.20  -0.0176404   0.1012633
1912.25  -0.0175362   0.1013872
1912.30  -0.0174309   0.1015076
1912.35  -0.0173248   0.1016246
1912.40  -0.0172177   0.1017381
1912.45  -0.0171098   0.1018481
1912.50  -0.0170009   0.1019546
1912.55  -0.0168912   0.1020577
1912.60  -0.0167807   0.1021574
1912.65  -0.0166693   0.1022535
1912.70  -0.0165570   0.1023463
1912.75  -0.0164440   0.1024356
1912.80  -0.0163301   0.1025215
1912.85  -0.0162155   0.1026041
1912.90  -0.0161001   0.1026832
1912.95  -0.0159839   0.1027590
1913.00  -0.0158669   0.1028315
1913.05  -0.0157492   0.1029007
1913.10  -0.0156307   0.1029666
1913.15  -0.0155116   0.1030292
1913.20  -0.0153917   0.1030886
1913.25  -0.0152711   0.1031449
1913.30  -0.0151497   0.1031980
1913.35  -0.0150277   0.1032480
1913.40  -0.0149050   0.1032949
1913.45  -0.0147816   0.1033388
1913.50  -0.0146576   0.1033797
1913.55  -0.0145328   0.1034176
1913.60  -0.0144074   0.1034527
1913.65  -0.0142814   0.1034849
1913.70  -0.0141547   0.1035143
1913.75  -0.0140273   0.1035409
1913.80  -0.0138993   0.1035649
1913.85  -0.0137707   0.1035862
1913.90  -0.0136415   0.1036049
1913.95  -0.0135116   0.1036211
1914.00  -0.0133810   0.1036347
1914.05  -0.0132499   0.1036460
1914.10  -0.0131181   0.1036549
1914.15  -0.0129858   0.1036615
1914.20  -0.0128528   0.1036659
1914.25  -0.0127192   0.1036681
1914.30  -0.0125850   0.1036682
1914.35  -0.0124502   0.1036662
1914.40  -0.0123148   0.1036623
1914.45  -0.0121788   0.1036564
1914.50  -0.0120421   0.1036487
1914.55  -0.0119049   0.1036392
1914.60  -0.0117671   0.1036280
1914.65  -0.0116287   0.1036152
1914.70  -0.0114897   0.1036008
1914.75  -0.0113501   0.1035849
1914.80  -0.0112100   0.1035675
1914.85  -0.0110692   0.1035488
1914.90  -0.0109278   0.1035288
1914.95  -0.0107859   0.1035076
1915.00  -0.0106434   0.1034853
1915.05  -0.0105003   0.1034619
1915.10  -0.0103566   0.1034374
1915.15  -0.0102123   0.1034121
1915.20  -0.0100674   0.1033858
1915.25  -0.0099220   0.1033588
1915.30  -0.0097760   0.1033311
1915.35  -0.0096294   0.1033027
1915.40  -0.0094822   0.1032738
1915.45  -0.0093345   0.1032443
1915.50  -0.0091862   0.1032145
1915.55  -0.0090374   0.1031842
1915.60  -0.0088880   0.1031537
1915.65  -0.0087380   0.1031229
1915.70  -0.0085875   0.1030920
1915.75  -0.0084364   0.1030610
1915.80  -0.0082848   0.1030300
1915.85  -0.0081326   0.1029990
1915.90  -0.0079799   0.1029681
1915.95  -0.0078266   0.1029374
1916.00  -0.0076729   0.1029070
1916.05  -0.0075186   0.1028768
1916.10  -0.0073638   0.1028471
1916.15  -0.0072085   0.1028177
1916.20  -0.0070527   0.1027889
1916.25  -0.0068964   0.1027606
1916.30  -0.0067396   0.1027329
1916.35  -0.0065823   0.1027059
1916.40  -0.0064246   0.1026796
1916.45  -0.0062664   0.1026541
1916.50  -0.0061078   0.1026294
1916.55  -0.0059487   0.1026057
1916.60  -0.0057892   0.1025828
1916.65  -0.0056293   0.1025610
1916.70  -0.0054689   0.1025403
1916.75  -0.0053082   0.1025206
1916.80  -0.0051471   0.1025021
1916.85  -0.0049857   0.1024848
1916.90  -0.0048239   0.1024687
1916.95  -0.0046618   0.1024540
1917.00  -0.0044993   0.1024405
1917.05  -0.0043366   0.1024285
1917.10  -0.0041736   0.1024179
1917.15  -0.0040103   0.1024087
1917.20  -0.0038468   0.1024011
1917.25  -0.0036830   0.1023950
1917.30  -0.0035191   0.1023904
1917.35  -0.0033549   0.1023875
1917.40  -0.0031906   0.1023863
1917.45  -0.0030262   0.1023867
1917.50  -0.0028616   0.1023889
1917.55  -0.0026970   0.1023928
1917.60  -0.0025322   0.1023985
1917.65  -0.0023675   0.1024060
1917.70  -0.0022027   0.1024154
1917.75  -0.0020379   0.1024266
1917.80  -0.0018732   0.1024398
1917.85  -0.0017085   0.1024549
1917.90  -0.0015440   0.1024719
1917.95  -0.0013795   0.1024909
1918.00  -0.0012152   0.1025119
1918.05  -0.0010511   0.1025349
1918.10  -0.0008872   0.1025600
1918.15  -0.0007236   0.1025871
1918.20  -0.0005602   0.1026163
1918.25  -0.0003972   0.1026477
1918.30  -0.0002345   0.1026811
1918.35  -0.0000722   0.1027167
1918.40   0.0000897   0.1027544
1918.45   0.0002511   0.1027943
1918.50   0.0004120   0.1028364
1918.55   0.0005724   0.1028806
1918.60   0.0007322   0.1029271
1918.65   0.0008914   0.1029758
1918.70   0.0010500   0.1030267
1918.75   0.0012078   0.1030799
1918.80   0.0013650   0.1031353
1918.85   0.0015213   0.1031930
1918.90   0.0016768   0.1032529
1918.95   0.0018315   0.1033151
1919.00   0.0019853   0.1033796
1919.05   0.0021381   0.1034464
1919.10   0.0022900   0.1035155
1919.15   0.0024408   0.1035869
1919.20   0.0025905   0.1036606
1919.25   0.0027391   0.1037366
1919.30   0.0028865   0.1038149
1919.35   0.0030327   0.1038956
1919.40   0.0031777   0.1039785
1919.45   0.0033214   0.1040638
1919.50   0.0034637   0.1041515
1919.55   0.0036046   0.1042414
1919.60   0.0037441   0.1043337
1919.65   0.0038820   0.1044283
1919.70   0.0040185   0.1045252
1919.75   0.0041534   0.1046245
1919.80   0.0042866   0.1047261
1919.85   0.0044181   0.1048300
1919.90   0.0045480   0.1049363
1919.95   0.0046760   0.1050449
1920.00   0.0048023   0.1051558
1920.05   0.0049266   0.1052691
1920.10   0.0050491   0.1053847
1920.15   0.0051696   0.1055026
1920.20   0.0052881   0.1056228
1920.25   0.0054046   0.1057454
1920.30   0.0055190   0.1058703
1920.35   0.0056312   0.1059974
1920.40   0.0057413   0.1061269
1920.45   0.0058491   0.1062588
1920.50   0.0059546   0.1063929
1920.55   0.0060579   0.1065293
1920.60   0.0061588   0.1066680
1920.65   0.0062573   0.1068090
1920.70   0.0063534   0.1069524
1920.75   0.0064469   0.1070980
1920.80   0.0065380   0.1072458
1920.85   0.0066265   0.1073960
1920.90   0.0067124   0.1075485
1920.95   0.0067957   0.1077032
1921.00   0.0068763   0.1078602
1921.05   0.0069542   0.1080194
1921.10   0.0070294   0.1081809
1921.15   0.0071018   0.1083447
1921.20   0.0071713   0.1085107
1921.25   0.0072381   0.1086790
1921.30   0.0073019   0.1088495
1921.35   0.0073629   0.1090223
1921.40   0.0074209   0.1091973
1921.45   0.0074760   0.1093745
1921.50   0.0075281   0.1095540
1921.55   0.0075771   0.1097356
1921.60   0.0076232   0.1099195
1921.65   0.0076661   0.1101056
1921.70   0.0077060   0.1102939
1921.75   0.0077428   0.1104844
1921.80   0.0077764   0.1106771
1921.85   0.0078070   0.1108720
1921.90   0.0078343   0.1110691
1921.95   0.0078585   0.1112684
1922.00   0.0078795   0.1114698
1922.05   0.0078973   0.1116734
1922.10   0.0079119   0.1118792
1922.15   0.0079232   0.1120872
1922.20   0.0079313   0.1122973
1922.25   0.0079362   0.1125096
1922.30   0.0079378   0.1127240
1922.35   0.0079362   0.1129406
1922.40   0.0079314   0.1131594
1922.45   0.0079232   0.1133802
1922.50   0.0079118   0.1136032
1922.55   0.0078972   0.1138284
1922.60   0.0078793   0.1140556
1922.65   0.0078582   0.1142850
1922.70   0.0078338   0.1145165
1922.75   0.0078062   0.1147501
1922.80   0.0077753   0.1149859
1922.85   0.0077413   0.1152237
1922.90   0.0077040   0.1154637
1922.95   0.0076635   0.1157057
1923.00   0.0076199   0.1159498
1923.05   0.0075731   0.1161961
1923.10   0.0075232   0.1164444
1923.15   0.0074701   0.1166948
1923.20   0.0074139   0.1169472
1923.25   0.0073546   0.1172018
1923.30   0.0072923   0.1174584
1923.35   0.0072269   0.1177171
1923.40   0.0071586   0.1179778
1923.45   0.0070872   0.1182406
1923.50   0.0070129   0.1185055
1923.55   0.0069356   0.1187724
1923.60   0.0068554   0.1190414
1923.65   0.0067724   0.1193124
1923.70   0.0066865   0.1195854
1923.75   0.0065978   0.1198605
1923.80   0.0065064   0.1201376
1923.85   0.0064122   0.1204168
1923.90   0.0063154   0.1206979
1923.95   0.0062158   0.1209811
1924.00   0.0061137   0.1212663
1924.05   0.0060090   0.1215535
1924.10   0.0059017   0.1218427
1924.15   0.0057919   0.1221339
1924.20   0.0056797   0.1224271
1924.25   0.0055651   0.1227223
1924.30   0.0054481   0.1230194
1924.35   0.0053288   0.1233186
1924.40   0.0052072   0.1236197
1924.45   0.0050834   0.1239228
1924.50   0.0049574   0.1242279
1924.55   0.0048293   0.1245349
1924.60   0.0046991   0.1248438
1924.65   0.0045668   0.1251547
1924.70   0.0044326   0.1254676
1924.75   0.0042965   0.1257823
1924.80   0.0041584   0.1260990
1924.85   0.0040185   0.1264176
1924.90   0.0038768   0.1267381
1924.95   0.0037334   0.1270606
1925.00   0.0035883   0.1273849
1925.05   0.0034416   0.1277110
1925.10   0.0032933   0.1280391
1925.15   0.0031435   0.1283690
1925.20   0.0029922   0.1287008
1925.25   0.0028394   0.1290344
1925.30   0.0026853   0.1293699
1925.35   0.0025299   0.1297072
1925.40   0.0023733   0.1300463
1925.45   0.0022154   0.1303872
1925.50   0.0020563   0.1307299
1925.55   0.0018961   0.1310743
1925.60   0.0017349   0.1314206
1925.65   0.0015727   0.1317686
1925.70   0.0014095   0.1321183
1925.75   0.0012454   0.1324697
1925.80   0.0010805   0.1328229
1925.85   0.0009147   0.1331777
1925.90   0.0007483   0.1335342
1925.95   0.0005811   0.1338924
1926.00   0.0004132   0.1342522
1926.05   0.0002447   0.1346137
1926.10   0.0000757   0.1349767
1926.15  -0.0000938   0.1353414
1926.20  -0.0002638   0.1357076
1926.25  -0.0004342   0.1360754
1926.30  -0.0006050   0.1364447
1926.35  -0.0007761   0.1368155
1926.40  -0.0009474   0.1371878
1926.45  -0.0011190   0.1375616
1926.50  -0.0012908   0.1379368
1926.55  -0.0014628   0.1383135
1926.60  -0.0016349   0.1386915
1926.65  -0.0018070   0.1390709
1926.70  -0.0019791   0.1394517
1926.75  -0.0021513   0.1398338
1926.80  -0.0023233   0.1402172
1926.85  -0.0024953   0.1406018
1926.90  -0.0026672   0.1409877
1926.95  -0.0028388   0.1413749
1927.00  -0.0030103   0.1417632
1927.05  -0.0031816   0.1421526
1927.10  -0.0033525   0.1425432
1927.15  -0.0035232   0.1429349
1927.20  -0.0036935   0.1433277
1927.25  -0.0038634   0.1437215
1927.30  -0.0040329   0.1441163
1927.35  -0.0042020   0.1445120
1927.40  -0.0043707   0.1449088
1927.45  -0.0045388   0.1453064
1927.50  -0.0047064   0.1457049
1927.55  -0.0048734   0.1461042
1927.60  -0.0050399   0.1465043
1927.65  -0.0052058   0.1469052
1927.70  -0.0053710   0.1473068
1927.75  -0.0055356   0.1477091
1927.80  -0.0056995   0.1481121
1927.85  -0.0058627   0.1485156
1927.90  -0.0060252   0.1489198
1927.95  -0.0061869   0.1493245
1928.00  -0.0063479   0.1497297
1928.05  -0.0065080   0.1501353
1928.10  -0.0066674   0.1505414
1928.15  -0.0068259   0.1509479
1928.20  -0.0069836   0.1513547
1928.25  -0.0071404   0.1517618
1928.30  -0.0072964   0.1521691
1928.35  -0.0074514   0.1525767
1928.40  -0.0076056   0.1529845
1928.45  -0.0077588   0.1533924
1928.50  -0.0079110   0.1538003
1928.55  -0.0080623   0.1542084
1928.60  -0.0082126   0.1546164
1928.65  -0.0083619   0.1550245
1928.70  -0.0085103   0.1554324
1928.75  -0.0086576   0.1558402
1928.80  -0.0088039   0.1562479
1928.85  -0.0089491   0.1566554
1928.90  -0.0090933   0.1570626
1928.95  -0.0092364   0.1574695
1929.00  -0.0093785   0.1578761
1929.05  -0.0095194   0.1582823
1929.10  -0.0096593   0.1586881
1929.15  -0.0097981   0.1590935
1929.20  -0.0099357   0.1594983
1929.25  -0.0100722   0.1599026
1929.30  -0.0102076   0.1603064
1929.35  -0.0103418   0.1607095
1929.40  -0.0104749   0.1611119
1929.45  -0.0106068   0.1615136
1929.50  -0.0107375   0.1619146
1929.55  -0.0108670   0.1623148
1929.60  -0.0109953   0.1627141
1929.65  -0.0111224   0.1631126
1929.70  -0.0112483   0.1635102
1929.75  -0.0113730   0.1639068
1929.80  -0.0114964   0.1643024
1929.85  -0.0116186   0.1646970
1929.90  -0.0117395   0.1650906
1929.95  -0.0118591   0.1654830
1930.00  -0.0119775   0.1658743
1930.05  -0.0120946   0.1662645
1930.10  -0.0122103   0.1666534
1930.15  -0.0123248   0.1670411
1930.20  -0.0124379   0.1674275
1930.25  -0.0125497   0.1678126
1930.30  -0.0126601   0.1681963
1930.35  -0.0127692   0.1685787
1930.40  -0.0128769   0.1689597
1930.45  -0.0129832   0.1693392
1930.50  -0.0130881   0.1697173
1930.55  -0.0131916   0.1700939
1930.60  -0.0132937   0.1704689
1930.65  -0.0133943   0.1708424
1930.70  -0.0134935   0.1712143
1930.75  -0.0135912   0.1715846
1930.80  -0.0136874   0.1719533
1930.85  -0.0137821   0.1723203
1930.90  -0.0138753   0.1726856
1930.95  -0.0139669   0.1730493
1931.00  -0.0140570   0.1734112
1931.05  -0.0141455   0.1737714
1931.10  -0.0142325   0.1741298
1931.15  -0.0143178   0.1744864
1931.20  -0.0144015   0.1748412
1931.25  -0.0144836   0.1751943
1931.30  -0.0145640   0.1755454
1931.35  -0.0146427   0.1758948
1931.40  -0.0147197   0.1762423
1931.45  -0.0147950   0.1765879
1931.50  -0.0148686   0.1769316
1931.55  -0.0149404   0.1772734
1931.60  -0.0150104   0.1776133
1931.65  -0.0150786   0.1779513
1931.70  -0.0151450   0.1782874
1931.75  -0.0152095   0.1786215
1931.80  -0.0152721   0.1789537
1931.85  -0.0153328   0.1792840
1931.90  -0.0153917   0.1796123
1931.95  -0.0154485   0.1799387
1932.00  -0.0155034   0.1802631
1932.05  -0.0155563   0.1805856
1932.10  -0.0156072   0.1809061
1932.15  -0.0156561   0.1812247
1932.20  -0.0157028   0.1815413
1932.25  -0.0157475   0.1818559
1932.30  -0.0157901   0.1821687
1932.35  -0.0158305   0.1824795
1932.40  -0.0158687   0.1827883
1932.45  -0.0159048   0.1830953
1932.50  -0.0159386   0.1834003
1932.55  -0.0159702   0.1837034
1932.60  -0.0159995   0.1840047
1932.65  -0.0160265   0.1843040
1932.70  -0.0160512   0.1846014
1932.75  -0.0160735   0.1848970
1932.80  -0.0160934   0.1851908
1932.85  -0.0161110   0.1854827
1932.90  -0.0161261   0.1857727
1932.95  -0.0161388   0.1860610
1933.00  -0.0161489   0.1863474
1933.05  -0.0161566   0.1866321
1933.10  -0.0161618   0.1869150
1933.15  -0.0161644   0.1871962
1933.20  -0.0161644   0.1874757
1933.25  -0.0161618   0.1877534
1933.30  -0.0161566   0.1880295
1933.35  -0.0161487   0.1883039
1933.40  -0.0161382   0.1885766
1933.45  -0.0161250   0.1888477
1933.50  -0.0161090   0.1891172
1933.55  -0.0160904   0.1893852
1933.60  -0.0160690   0.1896516
1933.65  -0.0160448   0.1899164
1933.70  -0.0160178   0.1901797
1933.75  -0.0159880   0.1904416
1933.80  -0.0159553   0.1907019
1933.85  -0.0159199   0.1909609
1933.90  -0.0158815   0.1912184
1933.95  -0.0158403   0.1914745
1934.00  -0.0157962   0.1917292
1934.05  -0.0157491   0.1919827
1934.10  -0.0156992   0.1922348
1934.15  -0.0156463   0.1924856
1934.20  -0.0155905   0.1927351
1934.25  -0.0155317   0.1929834
1934.30  -0.0154700   0.1932305
1934.35  -0.0154052   0.1934763
1934.40  -0.0153376   0.1937211
1934.45  -0.0152669   0.1939646
1934.50  -0.0151932   0.1942071
1934.55  -0.0151165   0.1944484
1934.60  -0.0150369   0.1946887
1934.65  -0.0149542   0.1949280
1934.70  -0.0148686   0.1951662
1934.75  -0.0147799   0.1954035
1934.80  -0.0146883   0.1956397
1934.85  -0.0145937   0.1958750
1934.90  -0.0144961   0.1961094
1934.95  -0.0143955   0.1963429
1935.00  -0.0142919   0.1965755
1935.05  -0.0141854   0.1968072
1935.10  -0.0140760   0.1970381
1935.15  -0.0139636   0.1972682
1935.20  -0.0138482   0.1974974
1935.25  -0.0137300   0.1977259
1935.30  -0.0136089   0.1979536
1935.35  -0.0134849   0.1981805
1935.40  -0.0133580   0.1984068
1935.45  -0.0132283   0.1986323
1935.50  -0.0130958   0.1988570
1935.55  -0.0129605   0.1990811
1935.60  -0.0128224   0.1993046
1935.65  -0.0126816   0.1995273
1935.70  -0.0125381   0.1997495
1935.75  -0.0123919   0.1999709
1935.80  -0.0122431   0.2001918
1935.85  -0.0120916   0.2004120
1935.90  -0.0119376   0.2006316
1935.95  -0.0117810   0.2008506
1936.00  -0.0116219   0.2010690
1936.05  -0.0114603   0.2012868
1936.10  -0.0112963   0.2015041
1936.15  -0.0111299   0.2017207
1936.20  -0.0109611   0.2019368
1936.25  -0.0107900   0.2021522
1936.30  -0.0106167   0.2023671
1936.35  -0.0104412   0.2025814
1936.40  -0.0102635   0.2027952
1936.45  -0.0100836   0.2030083
1936.50  -0.0099017   0.2032209
1936.55  -0.0097178   0.2034328
1936.60  -0.0095320   0.2036442
1936.65  -0.0093442   0.2038549
1936.70  -0.0091545   0.2040650
1936.75  -0.0089631   0.2042746
1936.80  -0.0087699   0.2044834
1936.85  -0.0085751   0.2046917
1936.90  -0.0083786   0.2048992
1936.95  -0.0081805   0.2051061
1937.00  -0.0079810   0.2053124
1937.05  -0.0077800   0.2055179
1937.10  -0.0075776   0.2057227
1937.15  -0.0073739   0.2059268
1937.20  -0.0071690   0.2061301
1937.25  -0.0069629   0.2063327
1937.30  -0.0067556   0.2065345
1937.35  -0.0065473   0.2067354
1937.40  -0.0063380   0.2069356
1937.45  -0.0061278   0.2071349
1937.50  -0.0059168   0.2073333
1937.55  -0.0057049   0.2075308
1937.60  -0.0054924   0.2077275
1937.65  -0.0052792   0.2079231
1937.70  -0.0050654   0.2081178
1937.75  -0.0048511   0.2083115
1937.80  -0.0046364   0.2085042
1937.85  -0.0044212   0.2086958
1937.90  -0.0042058   0.2088864
1937.95  -0.0039902   0.2090758
1938.00  -0.0037743   0.2092642
1938.05  -0.0035584   0.2094513
1938.10  -0.0033425   0.2096373
1938.15  -0.0031265   0.2098220
1938.20  -0.0029107   0.2100055
1938.25  -0.0026951   0.2101877
1938.30  -0.0024796   0.2103686
1938.35  -0.0022645   0.2105481
1938.40  -0.0020498   0.2107263
1938.45  -0.0018354   0.2109031
1938.50  -0.0016216   0.2110784
1938.55  -0.0014083   0.2112522
1938.60  -0.0011956   0.2114246
1938.65  -0.0009837   0.2115954
1938.70  -0.0007724   0.2117647
1938.75  -0.0005619   0.2119324
1938.80  -0.0003523   0.2120985
1938.85  -0.0001436   0.2122629
1938.90   0.0000641   0.2124256
1938.95   0.0002709   0.2125866
1939.00   0.0004765   0.2127459
1939.05   0.0006811   0.2129034
1939.10   0.0008845   0.2130592
1939.15   0.0010867   0.2132131
1939.20   0.0012876   0.2133652
1939.25   0.0014872   0.2135154
1939.30   0.0016855   0.2136637
1939.35   0.0018823   0.2138101
1939.40   0.0020778   0.2139545
1939.45   0.0022718   0.2140970
1939.50   0.0024643   0.2142375
1939.55   0.0026553   0.2143760
1939.60   0.0028447   0.2145125
1939.65   0.0030325   0.2146469
1939.70   0.0032187   0.2147793
1939.75   0.0034032   0.2149096
1939.80   0.0035861   0.2150378
1939.85   0.0037672   0.2151639
1939.90   0.0039467   0.2152879
1939.95   0.0041244   0.2154097
1940.00   0.0043004   0.2155295
1940.05   0.0044747   0.2156470
1940.10   0.0046471   0.2157625
1940.15   0.0048178   0.2158757
1940.20   0.0049867   0.2159868
1940.25   0.0051538   0.2160958
1940.30   0.0053191   0.2162025
1940.35   0.0054826   0.2163071
1940.40   0.0056443   0.2164096
1940.45   0.0058043   0.2165098
1940.50   0.0059624   0.2166079
1940.55   0.0061187   0.2167039
1940.60   0.0062733   0.2167977
1940.65   0.0064262   0.2168894
1940.70   0.0065773   0.2169789
1940.75   0.0067266   0.2170664
1940.80   0.0068743   0.2171517
1940.85   0.0070202   0.2172350
1940.90   0.0071645   0.2173162
1940.95   0.0073072   0.2173953
1941.00   0.0074482   0.2174724
1941.05   0.0075877   0.2175475
1941.10   0.0077256   0.2176207
1941.15   0.0078619   0.2176918
1941.20   0.0079968   0.2177611
1941.25   0.0081301   0.2178284
1941.30   0.0082621   0.2178939
1941.35   0.0083927   0.2179575
1941.40   0.0085219   0.2180193
1941.45   0.0086498   0.2180794
1941.50   0.0087764   0.2181377
1941.55   0.0089018   0.2181943
1941.60   0.0090260   0.2182492
1941.65   0.0091491   0.2183025
1941.70   0.0092711   0.2183543
1941.75   0.0093920   0.2184044
1941.80   0.0095119   0.2184531
1941.85   0.0096309   0.2185003
1941.90   0.0097490   0.2185461
1941.95   0.0098663   0.2185906
1942.00   0.0099828   0.2186337
1942.05   0.0100985   0.2186756
1942.10   0.0102135   0.2187162
1942.15   0.0103279   0.2187557
1942.20   0.0104418   0.2187941
1942.25   0.0105551   0.2188314
1942.30   0.0106679   0.2188676
1942.35   0.0107803   0.2189030
1942.40   0.0108924   0.2189374
1942.45   0.0110042   0.2189710
1942.50   0.0111157   0.2190037
1942.55   0.0112270   0.2190358
1942.60   0.0113382   0.2190671
1942.65   0.0114493   0.2190979
1942.70   0.0115603   0.2191280
1942.75   0.0116714   0.2191577
1942.80   0.0117826   0.2191869
1942.85   0.0118939   0.2192157
1942.90   0.0120054   0.2192441
1942.95   0.0121171   0.2192723
1943.00   0.0122291   0.2193003
1943.05   0.0123415   0.2193281
1943.10   0.0124542   0.2193558
1943.15   0.0125674   0.2193834
1943.20   0.0126810   0.2194111
1943.25   0.0127952   0.2194388
1943.30   0.0129099   0.2194666
1943.35   0.0130253   0.2194946
1943.40   0.0131413   0.2195228
1943.45   0.0132580   0.2195513
1943.50   0.0133754   0.2195802
1943.55   0.0134937   0.2196095
1943.60   0.0136127   0.2196392
1943.65   0.0137326   0.2196694
1943.70   0.0138533   0.2197001
1943.75   0.0139750   0.2197315
1943.80   0.0140976   0.2197635
1943.85   0.0142211   0.2197962
1943.90   0.0143457   0.2198296
1943.95   0.0144713   0.2198638
1944.00   0.0145979   0.2198989
1944.05   0.0147255   0.2199349
1944.10   0.0148543   0.2199718
1944.15   0.0149841   0.2200096
1944.20   0.0151151   0.2200485
1944.25   0.0152472   0.2200884
1944.30   0.0153804   0.2201294
1944.35   0.0155147   0.2201715
1944.40   0.0156502   0.2202148
1944.45   0.0157869   0.2202593
1944.50   0.0159247   0.2203050
1944.55   0.0160636   0.2203520
1944.60   0.0162037   0.2204003
1944.65   0.0163450   0.2204499
1944.70   0.0164874   0.2205008
1944.75   0.0166309   0.2205532
1944.80   0.0167756   0.2206069
1944.85   0.0169213   0.2206620
1944.90   0.0170682   0.2207186
1944.95   0.0172161   0.2207767
1945.00   0.0173651   0.2208363
1945.05   0.0175151   0.2208973
1945.10   0.0176662   0.2209599
1945.15   0.0178182   0.2210240
1945.20   0.0179712   0.2210897
1945.25   0.0181252   0.2211569
1945.30   0.0182800   0.2212257
1945.35   0.0184358   0.2212961
1945.40   0.0185924   0.2213681
1945.45   0.0187497   0.2214417
1945.50   0.0189079   0.2215169
1945.55   0.0190668   0.2215937
1945.60   0.0192264   0.2216721
1945.65   0.0193866   0.2217522
1945.70   0.0195474   0.2218338
1945.75   0.0197088   0.2219171
1945.80   0.0198708   0.2220020
1945.85   0.0200332   0.2220885
1945.90   0.0201960   0.2221766
1945.95   0.0203592   0.2222664
1946.00   0.0205227   0.2223577
1946.05   0.0206864   0.2224507
1946.10   0.0208504   0.2225452
1946.15   0.0210146   0.2226413
1946.20   0.0211788   0.2227391
1946.25   0.0213431   0.2228383
1946.30   0.0215074   0.2229392
1946.35   0.0216717   0.2230416
1946.40   0.0218358   0.2231455
1946.45   0.0219998   0.2232509
1946.50   0.0221635   0.2233579
1946.55   0.0223269   0.2234664
1946.60   0.0224899   0.2235764
1946.65   0.0226526   0.2236878
1946.70   0.0228148   0.2238008
1946.75   0.0229764   0.2239152
1946.80   0.0231375   0.2240310
1946.85   0.0232979   0.2241483
1946.90   0.0234575   0.2242670
1946.95   0.0236164   0.2243871
1947.00   0.0237745   0.2245086
1947.05   0.0239317   0.2246314
1947.10   0.0240880   0.2247557
1947.15   0.0242432   0.2248813
1947.20   0.0243974   0.2250082
1947.25   0.0245504   0.2251365
1947.30   0.0247023   0.2252661
1947.35   0.0248529   0.2253969
1947.40   0.0250022   0.2255291
1947.45   0.0251502   0.2256626
1947.50   0.0252968   0.2257974
1947.55   0.0254419   0.2259334
1947.60   0.0255856   0.2260707
1947.65   0.0257277   0.2262092
1947.70   0.0258681   0.2263490
1947.75   0.0260069   0.2264900
1947.80   0.0261441   0.2266323
1947.85   0.0262794   0.2267757
1947.90   0.0264130   0.2269204
1947.95   0.0265448   0.2270663
1948.00   0.0266746   0.2272134
1948.05   0.0268026   0.2273618
1948.10   0.0269286   0.2275113
1948.15   0.0270526   0.2276620
1948.20   0.0271745   0.2278140
1948.25   0.0272944   0.2279671
1948.30   0.0274122   0.2281215
1948.35   0.0275279   0.2282771
1948.40   0.0276413   0.2284338
1948.45   0.0277526   0.2285918
1948.50   0.0278617   0.2287511
1948.55   0.0279685   0.2289115
1948.60   0.0280730   0.2290732
1948.65   0.0281753   0.2292361
1948.70   0.0282752   0.2294003
1948.75   0.0283728   0.2295658
1948.80   0.0284680   0.2297325
1948.85   0.0285609   0.2299005
1948.90   0.0286513   0.2300697
1948.95   0.0287394   0.2302403
1949.00   0.0288250   0.2304122
1949.05   0.0289083   0.2305855
1949.10   0.0289891   0.2307600
1949.15   0.0290675   0.2309360
1949.20   0.0291434   0.2311133
1949.25   0.0292169   0.2312919
1949.30   0.0292879   0.2314720
1949.35   0.0293565   0.2316536
1949.40   0.0294227   0.2318365
1949.45   0.0294864   0.2320209
1949.50   0.0295476   0.2322068
1949.55   0.0296065   0.2323942
1949.60   0.0296629   0.2325831
1949.65   0.0297169   0.2327735
1949.70   0.0297685   0.2329655
1949.75   0.0298177   0.2331590
1949.80   0.0298645   0.2333541
1949.85   0.0299089   0.2335508
1949.90   0.0299510   0.2337492
1949.95   0.0299908   0.2339492
1950.00   0.0300282   0.2341508
1950.05   0.0300633   0.2343542
1950.10   0.0300962   0.2345592
1950.15   0.0301268   0.2347660
1950.20   0.0301551   0.2349744
1950.25   0.0301813   0.2351847
1950.30   0.0302052   0.2353967
1950.35   0.0302270   0.2356104
1950.40   0.0302466   0.2358260
1950.45   0.0302641   0.2360434
1950.50   0.0302795   0.2362626
1950.55   0.0302929   0.2364837
1950.60   0.0303042   0.2367066
1950.65   0.0303135   0.2369313
1950.70   0.0303209   0.2371580
1950.75   0.0303263   0.2373865
1950.80   0.0303297   0.2376169
1950.85   0.0303313   0.2378492
1950.90   0.0303311   0.2380834
1950.95   0.0303290   0.2383195
1951.00   0.0303251   0.2385575
1951.05   0.0303194   0.2387974
1951.10   0.0303121   0.2390393
1951.15   0.0303030   0.2392830
1951.20   0.0302923   0.2395287
1951.25   0.0302799   0.2397762
1951.30   0.0302659   0.2400256
1951.35   0.0302504   0.2402770
1951.40   0.0302334   0.2405302
1951.45   0.0302148   0.2407853
1951.50   0.0301947   0.2410422
1951.55   0.0301733   0.2413010
1951.60   0.0301504   0.2415615
1951.65   0.0301261   0.2418239
1951.70   0.0301005   0.2420881
1951.75   0.0300736   0.2423540
1951.80   0.0300454   0.2426217
1951.85   0.0300160   0.2428910
1951.90   0.0299853   0.2431621
1951.95   0.0299534   0.2434347
1952.00   0.0299204   0.2437090
1952.05   0.0298862   0.2439849
1952.10   0.0298509   0.2442623
1952.15   0.0298145   0.2445412
1952.20   0.0297771   0.2448215
1952.25   0.0297386   0.2451033
1952.30   0.0296991   0.2453864
1952.35   0.0296586   0.2456708
1952.40   0.0296172   0.2459565
1952.45   0.0295748   0.2462434
1952.50   0.0295315   0.2465314
1952.55   0.0294874   0.2468205
1952.60   0.0294423   0.2471107
1952.65   0.0293964   0.2474018
1952.70   0.0293496   0.2476938
1952.75   0.0293020   0.2479867
1952.80   0.0292536   0.2482803
1952.85   0.0292045   0.2485746
1952.90   0.0291545   0.2488695
1952.95   0.0291038   0.2491650
1953.00   0.0290524   0.2494609
1953.05   0.0290002   0.2497572
1953.10   0.0289473   0.2500538
1953.15   0.0288937   0.2503505
1953.20   0.0288394   0.2506475
1953.25   0.0287844   0.2509444
1953.30   0.0287287   0.2512413
1953.35   0.0286723   0.2515380
1953.40   0.0286153   0.2518345
1953.45   0.0285576   0.2521307
1953.50   0.0284992   0.2524264
1953.55   0.0284402   0.2527215
1953.60   0.0283805   0.2530160
1953.65   0.0283201   0.2533098
1953.70   0.0282591   0.2536027
1953.75   0.0281975   0.2538946
1953.80   0.0281352   0.2541855
1953.85   0.0280722   0.2544751
1953.90   0.0280086   0.2547635
1953.95   0.0279444   0.2550504
1954.00   0.0278794   0.2553358
1954.05   0.0278138   0.2556196
1954.10   0.0277475   0.2559017
1954.15   0.0276805   0.2561818
1954.20   0.0276129   0.2564599
1954.25   0.0275445   0.2567360
1954.30   0.0274754   0.2570098
1954.35   0.0274056   0.2572812
1954.40   0.0273351   0.2575501
1954.45   0.0272639   0.2578165
1954.50   0.0271919   0.2580801
1954.55   0.0271191   0.2583408
1954.60   0.0270456   0.2585986
1954.65   0.0269712   0.2588533
1954.70   0.0268961   0.2591047
1954.75   0.0268202   0.2593528
1954.80   0.0267434   0.2595974
1954.85   0.0266658   0.2598384
1954.90   0.0265873   0.2600757
1954.95   0.0265080   0.2603092
1955.00   0.0264278   0.2605386
1955.05   0.0263466   0.2607640
1955.10   0.0262646   0.2609851
1955.15   0.0261816   0.2612019
1955.20   0.0260976   0.2614142
1955.25   0.0260127   0.2616219
1955.30   0.0259267   0.2618249
1955.35   0.0258398   0.2620230
1955.40   0.0257518   0.2622162
1955.45   0.0256628   0.2624044
1955.50   0.0255727   0.2625873
1955.55   0.0254815   0.2627650
1955.60   0.0253892   0.2629372
1955.65   0.0252958   0.2631039
1955.70   0.0252013   0.2632650
1955.75   0.0251056   0.2634203
1955.80   0.0250087   0.2635697
1955.85   0.0249106   0.2637132
1955.90   0.0248113   0.2638507
1955.95   0.0247107   0.2639819
1956.00   0.0246089   0.2641069
1956.05   0.0245059   0.2642255
1956.10   0.0244015   0.2643377
1956.15   0.0242958   0.2644433
1956.20   0.0241888   0.2645422
1956.25   0.0240805   0.2646345
1956.30   0.0239708   0.2647198
1956.35   0.0238597   0.2647983
1956.40   0.0237472   0.2648698
1956.45   0.0236334   0.2649343
1956.50   0.0235181   0.2649916
1956.55   0.0234013   0.2650417
1956.60   0.0232831   0.2650845
1956.65   0.0231634   0.2651200
1956.70   0.0230423   0.2651480
1956.75   0.0229196   0.2651686
1956.80   0.0227955   0.2651816
1956.85   0.0226698   0.2651871
1956.90   0.0225426   0.2651850
1956.95   0.0224138   0.2651751
1957.00   0.0222835   0.2651576
1957.05   0.0221516   0.2651322
1957.10   0.0220182   0.2650991
1957.15   0.0218832   0.2650581
1957.20   0.0217465   0.2650093
1957.25   0.0216083   0.2649526
1957.30   0.0214685   0.2648880
1957.35   0.0213271   0.2648154
1957.40   0.0211840   0.2647349
1957.45   0.0210394   0.2646465
1957.50   0.0208931   0.2645501
1957.55   0.0207452   0.2644457
1957.60   0.0205956   0.2643333
1957.65   0.0204444   0.2642130
1957.70   0.0202916   0.2640847
1957.75   0.0201372   0.2639485
1957.80   0.0199812   0.2638043
1957.85   0.0198235   0.2636522
1957.90   0.0196642   0.2634922
1957.95   0.0195033   0.2633244
1958.00   0.0193408   0.2631487
1958.05   0.0191766   0.2629652
1958.10   0.0190109   0.2627740
1958.15   0.0188436   0.2625750
1958.20   0.0186747   0.2623684
1958.25   0.0185042   0.2621541
1958.30   0.0183322   0.2619323
1958.35   0.0181586   0.2617029
1958.40   0.0179834   0.2614661
1958.45   0.0178068   0.2612219
1958.50   0.0176286   0.2609704
1958.55   0.0174490   0.2607116
1958.60   0.0172678   0.2604456
1958.65   0.0170852   0.2601726
1958.70   0.0169012   0.2598925
1958.75   0.0167157   0.2596054
1958.80   0.0165288   0.2593115
1958.85   0.0163405   0.2590109
1958.90   0.0161509   0.2587036
1958.95   0.0159599   0.2583897
1959.00   0.0157676   0.2580694
1959.05   0.0155741   0.2577427
1959.10   0.0153792   0.2574098
1959.15   0.0151831   0.2570707
1959.20   0.0149859   0.2567256
1959.25   0.0147874   0.2563745
1959.30   0.0145877   0.2560177
1959.35   0.0143870   0.2556552
1959.40   0.0141851   0.2552871
1959.45   0.0139822   0.2549136
1959.50   0.0137783   0.2545348
1959.55   0.0135734   0.2541509
1959.60   0.0133675   0.2537619
1959.65   0.0131607   0.2533680
1959.70   0.0129530   0.2529693
1959.75   0.0127445   0.2525661
1959.80   0.0125351   0.2521583
1959.85   0.0123250   0.2517462
1959.90   0.0121141   0.2513299
1959.95   0.0119025   0.2509096
1960.00   0.0116903   0.2504853
1960.05   0.0114775   0.2500573
1960.10   0.0112641   0.2496257
1960.15   0.0110502   0.2491906
1960.20   0.0108358   0.2487523
1960.25   0.0106210   0.2483108
1960.30   0.0104057   0.2478663
1960.35   0.0101901   0.2474189
1960.40   0.0099743   0.2469689
1960.45   0.0097581   0.2465164
1960.50   0.0095418   0.2460615
1960.55   0.0093252   0.2456044
1960.60   0.0091086   0.2451452
1960.65   0.0088919   0.2446842
1960.70   0.0086752   0.2442214
1960.75   0.0084585   0.2437570
1960.80   0.0082419   0.2432913
1960.85   0.0080255   0.2428242
1960.90   0.0078092   0.2423561
1960.95   0.0075931   0.2418871
1961.00   0.0073774   0.2414172
1961.05   0.0071619   0.2409467
1961.10   0.0069469   0.2404758
1961.15   0.0067322   0.2400046
1961.20   0.0065181   0.2395332
1961.25   0.0063045   0.2390617
1961.30   0.0060915   0.2385905
1961.35   0.0058791   0.2381195
1961.40   0.0056675   0.2376490
1961.45   0.0054565   0.2371791
1961.50   0.0052464   0.2367100
1961.55   0.0050371   0.2362417
1961.60   0.0048287   0.2357745
1961.65   0.0046212   0.2353085
1961.70   0.0044148   0.2348438
1961.75   0.0042093   0.2343806
1961.80   0.0040050   0.2339190
1961.85   0.0038019   0.2334592
1961.90   0.0035999   0.2330013
1961.95   0.0033992   0.2325453
1962.00   0.0031998   0.2320916
1962.05   0.0030017   0.2316401
1962.10   0.0028050   0.2311910
1962.15   0.0026097   0.2307445
1962.20   0.0024160   0.2303006
1962.25   0.0022238   0.2298595
1962.30   0.0020331   0.2294214
1962.35   0.0018441   0.2289862
1962.40   0.0016567   0.2285542
1962.45   0.0014711   0.2281254
1962.50   0.0012872   0.2277000
1962.55   0.0011051   0.2272781
1962.60   0.0009249   0.2268597
1962.65   0.0007465   0.2264450
1962.70   0.0005701   0.2260341
1962.75   0.0003956   0.2256270
1962.80   0.0002232   0.2252239
1962.85   0.0000527   0.2248249
1962.90  -0.0001156   0.2244300
1962.95  -0.0002819   0.2240394
1963.00  -0.0004459   0.2236530
1963.05  -0.0006078   0.2232711
1963.10  -0.0007675   0.2228937
1963.15  -0.0009249   0.2225208
1963.20  -0.0010801   0.2221525
1963.25  -0.0012329   0.2217889
1963.30  -0.0013834   0.2214301
1963.35  -0.0015315   0.2210762
1963.40  -0.0016772   0.2207271
1963.45  -0.0018205   0.2203830
1963.50  -0.0019613   0.2200439
1963.55  -0.0020997   0.2197098
1963.60  -0.0022355   0.2193809
1963.65  -0.0023688   0.2190572
1963.70  -0.0024996   0.2187386
1963.75  -0.0026278   0.2184254
1963.80  -0.0027535   0.2181174
1963.85  -0.0028765   0.2178148
1963.90  -0.0029969   0.2175175
1963.95  -0.0031146   0.2172257
1964.00  -0.0032298   0.2169393
1964.05  -0.0033422   0.2166583
1964.10  -0.0034520   0.2163829
1964.15  -0.0035590   0.2161130
1964.20  -0.0036634   0.2158486
1964.25  -0.0037651   0.2155898
1964.30  -0.0038640   0.2153365
1964.35  -0.0039602   0.2150889
1964.40  -0.0040537   0.2148469
1964.45  -0.0041444   0.2146104
1964.50  -0.0042324   0.2143796
1964.55  -0.0043176   0.2141544
1964.60  -0.0044001   0.2139349
1964.65  -0.0044798   0.2137210
1964.70  -0.0045568   0.2135127
1964.75  -0.0046311   0.2133101
1964.80  -0.0047025   0.2131130
1964.85  -0.0047713   0.2129216
1964.90  -0.0048372   0.2127358
1964.95  -0.0049005   0.2125556
1965.00  -0.0049610   0.2123810
1965.05  -0.0050187   0.2122120
1965.10  -0.0050738   0.2120485
1965.15  -0.0051261   0.2118906
1965.20  -0.0051757   0.2117381
1965.25  -0.0052227   0.2115912
1965.30  -0.0052669   0.2114498
1965.35  -0.0053084   0.2113138
1965.40  -0.0053473   0.2111833
1965.45  -0.0053835   0.2110581
1965.50  -0.0054171   0.2109384
1965.55  -0.0054481   0.2108240
1965.60  -0.0054764   0.2107149
1965.65  -0.0055021   0.2106111
1965.70  -0.0055253   0.2105125
1965.75  -0.0055458   0.2104192
1965.80  -0.0055638   0.2103310
1965.85  -0.0055793   0.2102480
1965.90  -0.0055923   0.2101701
1965.95  -0.0056027   0.2100973
1966.00  -0.0056107   0.2100295
1966.05  -0.0056161   0.2099668
1966.10  -0.0056192   0.2099089
1966.15  -0.0056198   0.2098560
1966.20  -0.0056179   0.2098080
1966.25  -0.0056137   0.2097648
1966.30  -0.0056072   0.2097263
1966.35  -0.0055982   0.2096927
1966.40  -0.0055869   0.2096637
1966.45  -0.0055734   0.2096393
1966.50  -0.0055575   0.2096196
1966.55  -0.0055393   0.2096044
1966.60  -0.0055189   0.2095937
1966.65  -0.0054963   0.2095875
1966.70  -0.0054714   0.2095857
1966.75  -0.0054444   0.2095882
1966.80  -0.0054152   0.2095951
1966.85  -0.0053838   0.2096063
1966.90  -0.0053504   0.2096216
1966.95  -0.0053148   0.2096412
1967.00  -0.0052771   0.2096648
1967.05  -0.0052374   0.2096925
1967.10  -0.0051956   0.2097243
1967.15  -0.0051518   0.2097600
1967.20  -0.0051060   0.2097996
1967.25  -0.0050583   0.2098431
1967.30  -0.0050086   0.2098904
1967.35  -0.0049569   0.2099415
1967.40  -0.0049033   0.2099963
1967.45  -0.0048479   0.2100547
1967.50  -0.0047905   0.2101168
1967.55  -0.0047313   0.2101824
1967.60  -0.0046703   0.2102516
1967.65  -0.0046075   0.2103242
1967.70  -0.0045428   0.2104003
1967.75  -0.0044764   0.2104797
1967.80  -0.0044082   0.2105624
1967.85  -0.0043383   0.2106484
1967.90  -0.0042667   0.2107376
1967.95  -0.0041934   0.2108300
1968.00  -0.0041184   0.2109255
1968.05  -0.0040417   0.2110241
1968.10  -0.0039634   0.2111257
1968.15  -0.0038835   0.2112303
1968.20  -0.0038019   0.2113378
1968.25  -0.0037188   0.2114483
1968.30  -0.0036341   0.2115615
1968.35  -0.0035479   0.2116776
1968.40  -0.0034601   0.2117964
1968.45  -0.0033707   0.2119179
1968.50  -0.0032799   0.2120421
1968.55  -0.0031876   0.2121689
1968.60  -0.0030939   0.2122983
1968.65  -0.0029986   0.2124302
1968.70  -0.0029020   0.2125646
1968.75  -0.0028039   0.2127015
1968.80  -0.0027044   0.2128407
1968.85  -0.0026035   0.2129824
1968.90  -0.0025013   0.2131264
1968.95  -0.0023977   0.2132726
1969.00  -0.0022928   0.2134211
1969.05  -0.0021865   0.2135719
1969.10  -0.0020790   0.2137248
1969.15  -0.0019701   0.2138798
1969.20  -0.0018600   0.2140370
1969.25  -0.0017486   0.2141962
1969.30  -0.0016360   0.2143575
1969.35  -0.0015221   0.2145208
1969.40  -0.0014070   0.2146860
1969.45  -0.0012908   0.2148532
1969.50  -0.0011733   0.2150223
1969.55  -0.0010547   0.2151933
1969.60  -0.0009350   0.2153661
1969.65  -0.0008141   0.2155407
1969.70  -0.0006921   0.2157171
1969.75  -0.0005690   0.2158953
1969.80  -0.0004448   0.2160751
1969.85  -0.0003196   0.2162567
1969.90  -0.0001933   0.2164400
1969.95  -0.0000659   0.2166249
1970.00   0.0000624   0.2168115
1970.05   0.0001917   0.2169996
1970.10   0.0003220   0.2171893
1970.15   0.0004533   0.2173806
1970.20   0.0005855   0.2175734
1970.25   0.0007186   0.2177678
1970.30   0.0008527   0.2179636
1970.35   0.0009876   0.2181609
1970.40   0.0011234   0.2183596
1970.45   0.0012601   0.2185598
1970.50   0.0013975   0.2187614
1970.55   0.0015358   0.2189644
1970.60   0.0016749   0.2191688
1970.65   0.0018148   0.2193745
1970.70   0.0019554   0.2195816
1970.75   0.0020967   0.2197901
1970.80   0.0022388   0.2199998
1970.85   0.0023815   0.2202109
1970.90   0.0025249   0.2204233
1970.95   0.0026690   0.2206369
1971.00   0.0028137   0.2208518
1971.05   0.0029590   0.2210680
1971.10   0.0031048   0.2212854
1971.15   0.0032513   0.2215041
1971.20   0.0033982   0.2217240
1971.25   0.0035457   0.2219451
1971.30   0.0036937   0.2221675
1971.35   0.0038422   0.2223910
1971.40   0.0039911   0.2226158
1971.45   0.0041404   0.2228417
1971.50   0.0042901   0.2230688
1971.55   0.0044402   0.2232971
1971.60   0.0045907   0.2235266
1971.65   0.0047415   0.2237572
1971.70   0.0048926   0.2239890
1971.75   0.0050439   0.2242219
1971.80   0.0051956   0.2244560
1971.85   0.0053474   0.2246913
1971.90   0.0054995   0.2249276
1971.95   0.0056517   0.2251652
1972.00   0.0058042   0.2254038
1972.05   0.0059567   0.2256436
1972.10   0.0061093   0.2258845
1972.15   0.0062621   0.2261266
1972.20   0.0064149   0.2263698
1972.25   0.0065677   0.2266141
1972.30   0.0067206   0.2268595
1972.35   0.0068734   0.2271060
1972.40   0.0070262   0.2273537
1972.45   0.0071789   0.2276024
1972.50   0.0073316   0.2278523
1972.55   0.0074841   0.2281033
1972.60   0.0076365   0.2283554
1972.65   0.0077888   0.2286086
1972.70   0.0079408   0.2288629
1972.75   0.0080927   0.2291183
1972.80   0.0082443   0.2293749
1972.85   0.0083957   0.2296325
1972.90   0.0085468   0.2298912
1972.95   0.0086976   0.2301510
1973.00   0.0088481   0.2304119
1973.05   0.0089983   0.2306739
1973.10   0.0091481   0.2309370
1973.15   0.0092975   0.2312012
1973.20   0.0094465   0.2314664
1973.25   0.0095951   0.2317328
1973.30   0.0097433   0.2320002
1973.35   0.0098910   0.2322687
1973.40   0.0100382   0.2325382
1973.45   0.0101849   0.2328089
1973.50   0.0103311   0.2330806
1973.55   0.0104768   0.2333533
1973.60   0.0106219   0.2336271
1973.65   0.0107664   0.2339020
1973.70   0.0109104   0.2341779
1973.75   0.0110538   0.2344548
1973.80   0.0111965   0.2347328
1973.85   0.0113386   0.2350118
1973.90   0.0114801   0.2352918
1973.95   0.0116209   0.2355728
1974.00   0.0117611   0.2358549
1974.05   0.0119005   0.2361379
1974.10   0.0120393   0.2364219
1974.15   0.0121774   0.2367069
1974.20   0.0123148   0.2369929
1974.25   0.0124514   0.2372798
1974.30   0.0125873   0.2375677
1974.35   0.0127225   0.2378566
1974.40   0.0128569   0.2381463
1974.45   0.0129906   0.2384370
1974.50   0.0131235   0.2387286
1974.55   0.0132556   0.2390211
1974.60   0.0133870   0.2393145
1974.65   0.0135176   0.2396088
1974.70   0.0136475   0.2399039
1974.75   0.0137765   0.2401999
1974.80   0.0139048   0.2404967
1974.85   0.0140323   0.2407943
1974.90   0.0141590   0.2410927
1974.95   0.0142849   0.2413919
1975.00   0.0144100   0.2416919
1975.05   0.0145344   0.2419927
1975.10   0.0146580   0.2422941
1975.15   0.0147808   0.2425963
1975.20   0.0149028   0.2428992
1975.25   0.0150241   0.2432028
1975.30   0.0151446   0.2435071
1975.35   0.0152643   0.2438120
1975.40   0.0153833   0.2441175
1975.45   0.0155016   0.2444236
1975.50   0.0156191   0.2447304
1975.55   0.0157359   0.2450377
1975.60   0.0158520   0.2453455
1975.65   0.0159673   0.2456539
1975.70   0.0160820   0.2459627
1975.75   0.0161959   0.2462721
1975.80   0.0163092   0.2465819
1975.85   0.0164218   0.2468922
1975.90   0.0165338   0.2472028
1975.95   0.0166451   0.2475139
1976.00   0.0167558   0.2478253
1976.05   0.0168658   0.2481370
1976.10   0.0169753   0.2484491
1976.15   0.0170842   0.2487614
1976.20   0.0171925   0.2490741
1976.25   0.0173002   0.2493869
1976.30   0.0174074   0.2497000
1976.35   0.0175141   0.2500133
1976.40   0.0176202   0.2503267
1976.45   0.0177259   0.2506402
1976.50   0.0178311   0.2509539
1976.55   0.0179358   0.2512676
1976.60   0.0180401   0.2515814
1976.65   0.0181440   0.2518952
1976.70   0.0182474   0.2522090
1976.75   0.0183505   0.2525228
1976.80   0.0184532   0.2528365
1976.85   0.0185556   0.2531501
1976.90   0.0186576   0.2534636
1976.95   0.0187593   0.2537770
1977.00   0.0188608   0.2540902
1977.05   0.0189619   0.2544032
1977.10   0.0190629   0.2547159
1977.15   0.0191635   0.2550284
1977.20   0.0192640   0.2553405
1977.25   0.0193643   0.2556524
1977.30   0.0194644   0.2559639
1977.35   0.0195644   0.2562750
1977.40   0.0196642   0.2565857
1977.45   0.0197639   0.2568960
1977.50   0.0198635   0.2572058
1977.55   0.0199631   0.2575151
1977.60   0.0200626   0.2578239
1977.65   0.0201620   0.2581321
1977.70   0.0202615   0.2584397
1977.75   0.0203610   0.2587467
1977.80   0.0204604   0.2590530
1977.85   0.0205600   0.2593587
1977.90   0.0206596   0.2596636
1977.95   0.0207592   0.2599678
1978.00   0.0208590   0.2602713
1978.05   0.0209589   0.2605739
1978.10   0.0210589   0.2608758
1978.15   0.0211591   0.2611767
1978.20   0.0212594   0.2614768
1978.25   0.0213599   0.2617760
1978.30   0.0214606   0.2620743
1978.35   0.0215616   0.2623715
1978.40   0.0216628   0.2626678
1978.45   0.0217642   0.2629631
1978.50   0.0218659   0.2632573
1978.55   0.0219678   0.2635504
1978.60   0.0220701   0.2638425
1978.65   0.0221726   0.2641334
1978.70   0.0222755   0.2644231
1978.75   0.0223787   0.2647117
1978.80   0.0224823   0.2649991
1978.85   0.0225862   0.2652852
1978.90   0.0226904   0.2655701
1978.95   0.0227951   0.2658537
1979.00   0.0229001   0.2661360
1979.05   0.0230055   0.2664170
1979.10   0.0231113   0.2666966
1979.15   0.0232176   0.2669749
1979.20   0.0233242   0.2672518
1979.25   0.0234313   0.2675273
1979.30   0.0235389   0.2678013
1979.35   0.0236468   0.2680739
1979.40   0.0237552   0.2683450
1979.45   0.0238641   0.2686146
1979.50   0.0239734   0.2688827
1979.55   0.0240832   0.2691493
1979.60   0.0241935   0.2694143
1979.65   0.0243042   0.2696778
1979.70   0.0244154   0.2699397
1979.75   0.0245270   0.2702000
1979.80   0.0246392   0.2704587
1979.85   0.0247518   0.2707157
1979.90   0.0248649   0.2709711
1979.95   0.0249784   0.2712249
1980.00   0.0250924   0.2714770
1980.05   0.0252069   0.2717275
1980.10   0.0253219   0.2719762
1980.15   0.0254373   0.2722233
1980.20   0.0255532   0.2724686
1980.25   0.0256695   0.2727123
1980.30   0.0257863   0.2729542
1980.35   0.0259036   0.2731944
1980.40   0.0260213   0.2734328
1980.45   0.0261394   0.2736696
1980.50   0.0262579   0.2739045
1980.55   0.0263769   0.2741378
1980.60   0.0264963   0.2743692
1980.65   0.0266161   0.2745990
1980.70   0.0267363   0.2748269
1980.75   0.0268568   0.2750532
1980.80   0.0269778   0.2752776
1980.85   0.0270991   0.2755003
1980.90   0.0272207   0.2757213
1980.95   0.0273427   0.2759405
1981.00   0.0274651   0.2761579
1981.05   0.0275877   0.2763736
1981.10   0.0277107   0.2765876
1981.15   0.0278339   0.2767999
1981.20   0.0279575   0.2770104
1981.25   0.0280813   0.2772192
1981.30   0.0282053   0.2774263
1981.35   0.0283296   0.2776317
1981.40   0.0284541   0.2778354
1981.45   0.0285788   0.2780375
1981.50   0.0287037   0.2782379
1981.55   0.0288288   0.2784366
1981.60   0.0289540   0.2786337
1981.65   0.0290794   0.2788292
1981.70   0.0292048   0.2790231
1981.75   0.0293304   0.2792153
1981.80   0.0294561   0.2794061
1981.85   0.0295818   0.2795952
1981.90   0.0297076   0.2797828
1981.95   0.0298335   0.2799689
1982.00   0.0299593   0.2801536
1982.05   0.0300851   0.2803367
1982.10   0.0302109   0.2805184
1982.15   0.0303367   0.2806987
1982.20   0.0304624   0.2808775
1982.25   0.0305880   0.2810550
1982.30   0.0307135   0.2812311
1982.35   0.0308389   0.2814059
1982.40   0.0309641   0.2815794
1982.45   0.0310892   0.2817517
1982.50   0.0312141   0.2819226
1982.55   0.0313388   0.2820924
1982.60   0.0314633   0.2822609
1982.65   0.0315875   0.2824283
1982.70   0.0317114   0.2825946
1982.75   0.0318351   0.2827598
1982.80   0.0319585   0.2829239
1982.85   0.0320815   0.2830870
1982.90   0.0322042   0.2832490
1982.95   0.0323265   0.2834101
1983.00   0.0324484   0.2835703
1983.05   0.0325700   0.2837295
1983.10   0.0326911   0.2838879
1983.15   0.0328117   0.2840455
1983.20   0.0329319   0.2842022
1983.25   0.0330516   0.2843582
1983.30   0.0331708   0.2845135
1983.35   0.0332894   0.2846681
1983.40   0.0334076   0.2848220
1983.45   0.0335251   0.2849753
1983.50   0.0336421   0.2851281
1983.55   0.0337584   0.2852802
1983.60   0.0338742   0.2854319
1983.65   0.0339893   0.2855831
1983.70   0.0341037   0.2857339
1983.75   0.0342175   0.2858843
1983.80   0.0343306   0.2860343
1983.85   0.0344429   0.2861841
1983.90   0.0345546   0.2863335
1983.95   0.0346654   0.2864827
1984.00   0.0347756   0.2866317
1984.05   0.0348849   0.2867805
1984.10   0.0349934   0.2869293
1984.15   0.0351012   0.2870779
1984.20   0.0352081   0.2872265
1984.25   0.0353141   0.2873750
1984.30   0.0354194   0.2875236
1984.35   0.0355237   0.2876723
1984.40   0.0356271   0.2878210
1984.45   0.0357297   0.2879699
1984.50   0.0358313   0.2881189
1984.55   0.0359320   0.2882682
1984.60   0.0360318   0.2884177
1984.65   0.0361306   0.2885675
1984.70   0.0362284   0.2887176
1984.75   0.0363253   0.2888680
1984.80   0.0364212   0.2890189
1984.85   0.0365161   0.2891701
1984.90   0.0366099   0.2893218
1984.95   0.0367028   0.2894740
1985.00   0.0367946   0.2896267
1985.05   0.0368854   0.2897799
1985.10   0.0369751   0.2899337
1985.15   0.0370637   0.2900882
1985.20   0.0371513   0.2902432
1985.25   0.0372378   0.2903990
1985.30   0.0373232   0.2905554
1985.35   0.0374076   0.2907126
1985.40   0.0374908   0.2908705
1985.45   0.0375729   0.2910292
1985.50   0.0376539   0.2911886
1985.55   0.0377338   0.2913490
1985.60   0.0378126   0.2915101
1985.65   0.0378902   0.2916722
1985.70   0.0379667   0.2918351
1985.75   0.0380420   0.2919990
1985.80   0.0381162   0.2921638
1985.85   0.0381893   0.2923296
1985.90   0.0382612   0.2924964
1985.95   0.0383319   0.2926642
1986.00   0.0384015   0.2928330
1986.05   0.0384699   0.2930028
1986.10   0.0385372   0.2931737
1986.15   0.0386032   0.2933457
1986.20   0.0386681   0.2935187
1986.25   0.0387319   0.2936928
1986.30   0.0387945   0.2938681
1986.35   0.0388558   0.2940445
1986.40   0.0389161   0.2942220
1986.45   0.0389751   0.2944006
1986.50   0.0390330   0.2945804
1986.55   0.0390897   0.2947614
1986.60   0.0391452   0.2949435
1986.65   0.0391996   0.2951269
1986.70   0.0392527   0.2953113
1986.75   0.0393047   0.2954970
1986.80   0.0393556   0.2956839
1986.85   0.0394053   0.2958719
1986.90   0.0394538   0.2960612
1986.95   0.0395011   0.2962516
1987.00   0.0395473   0.2964433
1987.05   0.0395923   0.2966361
1987.10   0.0396362   0.2968301
1987.15   0.0396790   0.2970253
1987.20   0.0397205   0.2972217
1987.25   0.0397610   0.2974193
1987.30   0.0398003   0.2976180
1987.35   0.0398384   0.2978180
1987.40   0.0398755   0.2980190
1987.45   0.0399114   0.2982213
1987.50   0.0399462   0.2984246
1987.55   0.0399799   0.2986292
1987.60   0.0400124   0.2988348
1987.65   0.0400439   0.2990415
1987.70   0.0400742   0.2992494
1987.75   0.0401035   0.2994583
1987.80   0.0401317   0.2996684
1987.85   0.0401588   0.2998794
1987.90   0.0401848   0.3000916
1987.95   0.0402097   0.3003047
1988.00   0.0402336   0.3005189
1988.05   0.0402564   0.3007340
1988.10   0.0402782   0.3009502
1988.15   0.0402989   0.3011673
1988.20   0.0403186   0.3013853
1988.25   0.0403373   0.3016043
1988.30   0.0403549   0.3018241
1988.35   0.0403716   0.3020449
1988.40   0.0403872   0.3022665
1988.45   0.0404018   0.3024889
1988.50   0.0404154   0.3027121
1988.55   0.0404281   0.3029362
1988.60   0.0404397   0.3031610
1988.65   0.0404504   0.3033865
1988.70   0.0404602   0.3036127
1988.75   0.0404690   0.3038397
1988.80   0.0404768   0.3040673
1988.85   0.0404837   0.3042955
1988.90   0.0404897   0.3045244
1988.95   0.0404948   0.3047538
1989.00   0.0404990   0.3049838
1989.05   0.0405022   0.3052143
1989.10   0.0405046   0.3054453
1989.15   0.0405061   0.3056768
1989.20   0.0405068   0.3059087
1989.25   0.0405065   0.3061411
1989.30   0.0405055   0.3063738
1989.35   0.0405036   0.3066069
1989.40   0.0405008   0.3068403
1989.45   0.0404973   0.3070740
1989.50   0.0404929   0.3073079
1989.55   0.0404877   0.3075421
1989.60   0.0404818   0.3077765
1989.65   0.0404751   0.3080110
1989.70   0.0404676   0.3082457
1989.75   0.0404594   0.3084805
1989.80   0.0404504   0.3087154
1989.85   0.0404407   0.3089503
1989.90   0.0404302   0.3091852
1989.95   0.0404191   0.3094202
1990.00   0.0404073   0.3096550
1990.05   0.0403948   0.3098898
1990.10   0.0403816   0.3101244
1990.15   0.0403678   0.3103590
1990.20   0.0403533   0.3105933
1990.25   0.0403382   0.3108274
1990.30   0.0403224   0.3110613
1990.35   0.0403061   0.3112949
1990.40   0.0402891   0.3115282
1990.45   0.0402716   0.3117612
1990.50   0.0402535   0.3119938
1990.55   0.0402349   0.3122260
1990.60   0.0402157   0.3124578
1990.65   0.0401960   0.3126891
1990.70   0.0401758   0.3129200
1990.75   0.0401551   0.3131503
1990.80   0.0401339   0.3133801
1990.85   0.0401123   0.3136093
1990.90   0.0400902   0.3138378
1990.95   0.0400676   0.3140658
1991.00   0.0400447   0.3142930
1991.05   0.0400213   0.3145196
1991.10   0.0399976   0.3147455
1991.15   0.0399734   0.3149706
1991.20   0.0399489   0.3151949
1991.25   0.0399241   0.3154184
1991.30   0.0398989   0.3156411
1991.35   0.0398735   0.3158629
1991.40   0.0398477   0.3160838
1991.45   0.0398217   0.3163038
1991.50   0.0397953   0.3165229
1991.55   0.0397688   0.3167409
1991.60   0.0397420   0.3169580
1991.65   0.0397150   0.3171741
1991.70   0.0396879   0.3173892
1991.75   0.0396605   0.3176032
1991.80   0.0396330   0.3178160
1991.85   0.0396054   0.3180278
1991.90   0.0395776   0.3182385
1991.95   0.0395497   0.3184480
1992.00   0.0395218   0.3186563
1992.05   0.0394937   0.3188634
1992.10   0.0394657   0.3190693
1992.15   0.0394376   0.3192739
1992.20   0.0394094   0.3194773
1992.25   0.0393813   0.3196795
1992.30   0.0393532   0.3198803
1992.35   0.0393252   0.3200798
1992.40   0.0392972   0.3202780
1992.45   0.0392693   0.3204748
1992.50   0.0392415   0.3206703
1992.55   0.0392138   0.3208644
1992.60   0.0391863   0.3210571
1992.65   0.0391589   0.3212484
1992.70   0.0391317   0.3214382
1992.75   0.0391046   0.3216267
1992.80   0.0390778   0.3218137
1992.85   0.0390512   0.3219992
1992.90   0.0390249   0.3221832
1992.95   0.0389988   0.3223658
1993.00   0.0389731   0.3225468
1993.05   0.0389476   0.3227264
1993.10   0.0389225   0.3229044
1993.15   0.0388977   0.3230810
1993.20   0.0388732   0.3232560
1993.25   0.0388492   0.3234294
1993.30   0.0388255   0.3236013
1993.35   0.0388023   0.3237717
1993.40   0.0387795   0.3239405
1993.45   0.0387571   0.3241077
1993.50   0.0387352   0.3242734
1993.55   0.0387139   0.3244375
1993.60   0.0386930   0.3246000
1993.65   0.0386726   0.3247609
1993.70   0.0386528   0.3249203
1993.75   0.0386336   0.3250781
1993.80   0.0386149   0.3252343
1993.85   0.0385968   0.3253889
1993.90   0.0385793   0.3255419
1993.95   0.0385625   0.3256934
1994.00   0.0385463   0.3258433
1994.05   0.0385308   0.3259916
1994.10   0.0385159   0.3261383
1994.15   0.0385018   0.3262835
1994.20   0.0384883   0.3264271
1994.25   0.0384756   0.3265691
1994.30   0.0384636   0.3267096
1994.35   0.0384524   0.3268485
1994.40   0.0384419   0.3269859
1994.45   0.0384322   0.3271218
1994.50   0.0384233   0.3272561
1994.55   0.0384153   0.3273889
1994.60   0.0384080   0.3275202
1994.65   0.0384016   0.3276500
1994.70   0.0383960   0.3277783
1994.75   0.0383914   0.3279051
1994.80   0.0383875   0.3280304
1994.85   0.0383846   0.3281543
1994.90   0.0383826   0.3282768
1994.95   0.0383815   0.3283977
1995.00   0.0383813   0.3285173
1995.05   0.0383820   0.3286355
1995.10   0.0383837   0.3287523
1995.15   0.0383864   0.3288676
1995.20   0.0383900   0.3289817
1995.25   0.0383946   0.3290943
1995.30   0.0384001   0.3292057
1995.35   0.0384067   0.3293157
1995.40   0.0384143   0.3294244
1995.45   0.0384228   0.3295318
1995.50   0.0384324   0.3296380
1995.55   0.0384430   0.3297429
1995.60   0.0384547   0.3298465
1995.65   0.0384674   0.3299490
1995.70   0.0384811   0.3300503
1995.75   0.0384959   0.3301504
1995.80   0.0385118   0.3302493
1995.85   0.0385287   0.3303471
1995.90   0.0385467   0.3304438
1995.95   0.0385657   0.3305394
1996.00   0.0385859   0.3306339
1996.05   0.0386071   0.3307273
1996.10   0.0386294   0.3308198
1996.15   0.0386528   0.3309112
1996.20   0.0386772   0.3310016
1996.25   0.0387028   0.3310911
1996.30   0.0387295   0.3311796
1996.35   0.0387573   0.3312672
1996.40   0.0387861   0.3313539
1996.45   0.0388161   0.3314398
1996.50   0.0388472   0.3315247
1996.55   0.0388794   0.3316089
1996.60   0.0389127   0.3316922
1996.65   0.0389470   0.3317748
1996.70   0.0389825   0.3318566
1996.75   0.0390191   0.3319377
1996.80   0.0390568   0.3320181
1996.85   0.0390956   0.3320978
1996.90   0.0391355   0.3321768
1996.95   0.0391765   0.3322552
1997.00   0.0392185   0.3323330
1997.05   0.0392617   0.3324101
1997.10   0.0393059   0.3324868
1997.15   0.0393513   0.3325628
1997.20   0.0393977   0.3326384
1997.25   0.0394452   0.3327135
1997.30   0.0394937   0.3327881
1997.35   0.0395434   0.3328622
1997.40   0.0395941   0.3329360
1997.45   0.0396458   0.3330093
1997.50   0.0396986   0.3330823
1997.55   0.0397525   0.3331549
1997.60   0.0398074   0.3332272
1997.65   0.0398633   0.3332992
1997.70   0.0399203   0.3333709
1997.75   0.0399783   0.3334423
1997.80   0.0400373   0.3335135
1997.85   0.0400973   0.3335845
1997.90   0.0401583   0.3336553
1997.95   0.0402204   0.3337259
1998.00   0.0402834   0.3337964
1998.05   0.0403474   0.3338667
1998.10   0.0404124   0.3339370
1998.15   0.0404783   0.3340071
1998.20   0.0405452   0.3340772
1998.25   0.0406131   0.3341472
1998.30   0.0406819   0.3342173
1998.35   0.0407516   0.3342873
1998.40   0.0408223   0.3343573
1998.45   0.0408938   0.3344273
1998.50   0.0409663   0.3344974
1998.55   0.0410397   0.3345676
1998.60   0.0411140   0.3346378
1998.65   0.0411892   0.3347082
1998.70   0.0412653   0.3347787
1998.75   0.0413422   0.3348493
1998.80   0.0414200   0.3349200
1998.85   0.0414986   0.3349909
1998.90   0.0415781   0.3350620
1998.95   0.0416584   0.3351333
1999.00   0.0417396   0.3352048
1999.05   0.0418215   0.3352765
1999.10   0.0419043   0.3353484
1999.15   0.0419879   0.3354206
1999.20   0.0420722   0.3354931
1999.25   0.0421574   0.3355658
1999.30   0.0422433   0.3356388
1999.35   0.0423300   0.3357121
1999.40   0.0424174   0.3357857
1999.45   0.0425056   0.3358596
1999.50   0.0425945   0.3359338
1999.55   0.0426842   0.3360083
1999.60   0.0427746   0.3360832
1999.65   0.0428657   0.3361584
1999.70   0.0429576   0.3362339
1999.75   0.0430501   0.3363098
1999.80   0.0431434   0.3363861
1999.85   0.0432373   0.3364627
1999.90   0.0433319   0.3365396
1999.95   0.0434272   0.3366170
2000.00   0.0435232   0.3366947
2000.05   0.0436199   0.3367728
2000.10   0.0437172   0.3368512
2000.15   0.0438151   0.3369300
2000.20   0.0439138   0.3370092
2000.25   0.0440130   0.3370888
2000.30   0.0441130   0.3371687
2000.35   0.0442135   0.3372490
2000.40   0.0443147   0.3373297
2000.45   0.0444165   0.3374107
2000.50   0.0445190   0.3374921
2000.55   0.0446221   0.3375739
2000.60   0.0447258   0.3376560
2000.65   0.0448301   0.3377384
2000.70   0.0449350   0.3378212
2000.75   0.0450406   0.3379043
2000.80   0.0451468   0.3379878
2000.85   0.0452535   0.3380716
2000.90   0.0453610   0.3381556
2000.95   0.0454690   0.3382400
2001.00   0.0455776   0.3383247
2001.05   0.0456869   0.3384096
2001.10   0.0457967   0.3384949
2001.15   0.0459072   0.3385803
2001.20   0.0460183   0.3386661
2001.25   0.0461300   0.3387520
2001.30   0.0462424   0.3388382
2001.35   0.0463554   0.3389246
2001.40   0.0464690   0.3390112
2001.45   0.0465832   0.3390980
2001.50   0.0466981   0.3391850
2001.55   0.0468136   0.3392721
2001.60   0.0469297   0.3393593
2001.65   0.0470465   0.3394467
2001.70   0.0471640   0.3395341
2001.75   0.0472821   0.3396217
2001.80   0.0474009   0.3397093
2001.85   0.0475204   0.3397970
2001.90   0.0476405   0.3398847
2001.95   0.0477613   0.3399724
2002.00   0.0478828   0.3400601
2002.05   0.0480051   0.3401478
2002.10   0.0481280   0.3402355
2002.15   0.0482516   0.3403230
2002.20   0.0483760   0.3404106
2002.25   0.0485011   0.3404980
2002.30   0.0486270   0.3405852
2002.35   0.0487536   0.3406724
2002.40   0.0488810   0.3407593
2002.45   0.0490091   0.3408461
2002.50   0.0491381   0.3409327
2002.55   0.0492678   0.3410190
2002.60   0.0493983   0.3411051
2002.65   0.0495297   0.3411909
2002.70   0.0496619   0.3412765
2002.75   0.0497949   0.3413616
2002.80   0.0499288   0.3414465
2002.85   0.0500635   0.3415310
2002.90   0.0501991   0.3416151
2002.95   0.0503357   0.3416988
2003.00   0.0504731   0.3417820
2003.05   0.0506114   0.3418648
2003.10   0.0507506   0.3419471
2003.15   0.0508908   0.3420290
2003.20   0.0510320   0.3421103
2003.25   0.0511741   0.3421910
2003.30   0.0513172   0.3422712
2003.35   0.0514613   0.3423508
2003.40   0.0516063   0.3424298
2003.45   0.0517524   0.3425081
2003.50   0.0518996   0.3425858
2003.55   0.0520477   0.3426628
2003.60   0.0521970   0.3427391
2003.65   0.0523473   0.3428147
2003.70   0.0524986   0.3428895
2003.75   0.0526511   0.3429636
2003.80   0.0528047   0.3430369
2003.85   0.0529594   0.3431094
2003.90   0.0531152   0.3431811
2003.95   0.0532722   0.3432519
2004.00   0.0534303   0.3433219
2004.05   0.0535896   0.3433910
2004.10   0.0537501   0.3434592
2004.15   0.0539117   0.3435265
2004.20   0.0540746   0.3435928
2004.25   0.0542387   0.3436582
2004.30   0.0544040   0.3437227
2004.35   0.0545705   0.3437861
2004.40   0.0547383   0.3438486
2004.45   0.0549073   0.3439100
2004.50   0.0550776   0.3439705
2004.55   0.0552491   0.3440298
2004.60   0.0554220   0.3440882
2004.65   0.0555961   0.3441455
2004.70   0.0557715   0.3442017
2004.75   0.0559482   0.3442568
2004.80   0.0561262   0.3443108
2004.85   0.0563056   0.3443637
2004.90   0.0564862   0.3444155
2004.95   0.0566682   0.3444662
2005.00   0.0568515   0.3445157
2005.05   0.0570361   0.3445641
2005.10   0.0572221   0.3446114
2005.15   0.0574094   0.3446575
2005.20   0.0575981   0.3447024
2005.25   0.0577881   0.3447462
2005.30   0.0579795   0.3447888
2005.35   0.0581722   0.3448303
2005.40   0.0583662   0.3448706
2005.45   0.0585616   0.3449097
2005.50   0.0587584   0.3449477
2005.55   0.0589564   0.3449845
2005.60   0.0591559   0.3450201
2005.65   0.0593567   0.3450545
2005.70   0.0595588   0.3450878
2005.75   0.0597622   0.3451200
2005.80   0.0599670   0.3451509
2005.85   0.0601731   0.3451808
2005.90   0.0603806   0.3452095
2005.95   0.0605893   0.3452370
2006.00   0.0607994   0.3452634
2006.05   0.0610107   0.3452888
2006.10   0.0612234   0.3453129
2006.15   0.0614373   0.3453360
2006.20   0.0616525   0.3453581
2006.25   0.0618690   0.3453790
2006.30   0.0620867   0.3453989
2006.35   0.0623057   0.3454177
2006.40   0.0625258   0.3454355
2006.45   0.0627473   0.3454522
2006.50   0.0629699   0.3454680
2006.55   0.0631937   0.3454827
2006.60   0.0634187   0.3454965
2006.65   0.0636448   0.3455094
2006.70   0.0638721   0.3455213
2006.75   0.0641005   0.3455323
2006.80   0.0643300   0.3455423
2006.85   0.0645607   0.3455516
2006.90   0.0647924   0.3455599
2006.95   0.0650251   0.3455675
2007.00   0.0652590   0.3455742
2007.05   0.0654938   0.3455801
2007.10   0.0657296   0.3455853
2007.15   0.0659665   0.3455898
2007.20   0.0662043   0.3455935
2007.25   0.0664430   0.3455966
2007.30   0.0666827   0.3455989
2007.35   0.0669232   0.3456007
2007.40   0.0671647   0.3456019
2007.45   0.0674070   0.3456025
2007.50   0.0676501   0.3456025
2007.55   0.0678940   0.3456020
2007.60   0.0681388   0.3456011
2007.65   0.0683843   0.3455997
2007.70   0.0686305   0.3455978
2007.75   0.0688775   0.3455956
2007.80   0.0691251   0.3455930
2007.85   0.0693734   0.3455901
2007.90   0.0696224   0.3455869
2007.95   0.0698719   0.3455834
2008.00   0.0701221   0.3455796
2008.05   0.0703728   0.3455757
2008.10   0.0706241   0.3455716
2008.15   0.0708759   0.3455673
2008.20   0.0711282   0.3455630
2008.25   0.0713809   0.3455585
2008.30   0.0716341   0.3455541
2008.35   0.0718877   0.3455496
2008.40   0.0721417   0.3455452
2008.45   0.0723960   0.3455408
2008.50   0.0726507   0.3455365
2008.55   0.0729057   0.3455324
2008.60   0.0731610   0.3455284
2008.65   0.0734166   0.3455246
2008.70   0.0736724   0.3455211
2008.75   0.0739284   0.3455178
2008.80   0.0741845   0.3455148
2008.85   0.0744409   0.3455121
2008.90   0.0746974   0.3455098
2008.95   0.0749540   0.3455079
2009.00   0.0752107   0.3455064
2009.05   0.0754674   0.3455054
2009.10   0.0757242   0.3455049
2009.15   0.0759810   0.3455049
2009.20   0.0762378   0.3455054
2009.25   0.0764946   0.3455066
2009.30   0.0767514   0.3455083
2009.35   0.0770081   0.3455107
2009.40   0.0772646   0.3455137
2009.45   0.0775211   0.3455175
2009.50   0.0777775   0.3455219
2009.55   0.0780336   0.3455272
2009.60   0.0782897   0.3455332
2009.65   0.0785455   0.3455400
2009.70   0.0788011   0.3455477
2009.75   0.0790565   0.3455562
2009.80   0.0793116   0.3455656
2009.85   0.0795665   0.3455759
2009.90   0.0798211   0.3455871
2009.95   0.0800754   0.3455993
2010.00   0.0803294   0.3456125
2010.05   0.0805831   0.3456266
2010.10   0.0808364   0.3456418
2010.15   0.0810894   0.3456580
2010.20   0.0813420   0.3456753
2010.25   0.0815942   0.3456936
2010.30   0.0818461   0.3457130
2010.35   0.0820975   0.3457335
2010.40   0.0823485   0.3457551
2010.45   0.0825991   0.3457779
2010.50   0.0828492   0.3458017
2010.55   0.0830989   0.3458268
2010.60   0.0833481   0.3458530
2010.65   0.0835969   0.3458804
2010.70   0.0838452   0.3459090
2010.75   0.0840930   0.3459387
2010.80   0.0843403   0.3459697
2010.85   0.0845872   0.3460019
2010.90   0.0848335   0.3460352
2010.95   0.0850793   0.3460698
2011.00   0.0853246   0.3461057
2011.05   0.0855695   0.3461427
2011.10   0.0858137   0.3461810
2011.15   0.0860575   0.3462204
2011.20   0.0863008   0.3462612
2011.25   0.0865435   0.3463031
2011.30   0.0867857   0.3463462
2011.35   0.0870274   0.3463906
2011.40   0.0872685   0.3464362
2011.45   0.0875091   0.3464830
2011.50   0.0877492   0.3465309
2011.55   0.0879888   0.3465801
2011.60   0.0882279   0.3466305
2011.65   0.0884664   0.3466820
2011.70   0.0887044   0.3467347
2011.75   0.0889419   0.3467885
2011.80   0.0891789   0.3468435
2011.85   0.0894154   0.3468996
2011.90   0.0896514   0.3469568
2011.95   0.0898869   0.3470151
2012.00   0.0901219   0.3470745
2012.05   0.0903564   0.3471349
2012.10   0.0905904   0.3471964
2012.15   0.0908240   0.3472589
2012.20   0.0910571   0.3473225
2012.25   0.0912897   0.3473870
2012.30   0.0915219   0.3474525
2012.35   0.0917536   0.3475189
2012.40   0.0919849   0.3475863
2012.45   0.0922158   0.3476545
2012.50   0.0924462   0.3477236
2012.55   0.0926762   0.3477936
2012.60   0.0929058   0.3478644
2012.65   0.0931350   0.3479360
2012.70   0.0933639   0.3480084
2012.75   0.0935923   0.3480815
2012.80   0.0938204   0.3481553
2012.85   0.0940481   0.3482299
2012.90   0.0942755   0.3483051
2012.95   0.0945025   0.3483809
2013.00   0.0947292   0.3484573
2013.05   0.0949555   0.3485343
2013.10   0.0951816   0.3486119
2013.15   0.0954073   0.3486899
2013.20   0.0956328   0.3487685
2013.25   0.0958580   0.3488474
2013.30   0.0960829   0.3489268
2013.35   0.0963075   0.3490066
2013.40   0.0965319   0.3490868
2013.45   0.0967560   0.3491672
2013.50   0.0969799   0.3492480
2013.55   0.0972036   0.3493290
2013.60   0.0974271   0.3494102
2013.65   0.0976503   0.3494916
2013.70   0.0978734   0.3495731
2013.75   0.0980963   0.3496548
2013.80   0.0983190   0.3497366
2013.85   0.0985415   0.3498184
2013.90   0.0987639   0.3499002
2013.95   0.0989861   0.3499820
2014.00   0.0992082   0.3500638
2014.05   0.0994301   0.3501455
2014.10   0.0996519   0.3502271
2014.15   0.0998736   0.3503085
2014.20   0.1000952   0.3503898
2014.25   0.1003167   0.3504708
2014.30   0.1005381   0.3505516
2014.35   0.1007594   0.3506321
2014.40   0.1009806   0.3507123
2014.45   0.1012018   0.3507922
2014.50   0.1014229   0.3508717
2014.55   0.1016439   0.3509508
2014.60   0.1018648   0.3510294
2014.65   0.1020857   0.3511076
2014.70   0.1023066   0.3511853
2014.75   0.1025274   0.3512625
2014.80   0.1027482   0.3513391
2014.85   0.1029690   0.3514152
2014.90   0.1031897   0.3514906
2014.95   0.1034104   0.3515654
2015.00   0.1036311   0.3516396
2015.05   0.1038517   0.3517130
2015.10   0.1040724   0.3517858
2015.15   0.1042930   0.3518578
2015.20   0.1045137   0.3519290
2015.25   0.1047343   0.3519995
2015.30   0.1049549   0.3520691
2015.35   0.1051755   0.3521379
2015.40   0.1053961   0.3522058
2015.45   0.1056167   0.3522729
2015.50   0.1058373   0.3523390
2015.55   0.1060579   0.3524043
2015.60   0.1062785   0.3524685
2015.65   0.1064991   0.3525319
2015.70   0.1067196   0.3525942
2015.75   0.1069402   0.3526556
2015.80   0.1071608   0.3527159
2015.85   0.1073813   0.3527752
2015.90   0.1076019   0.3528335
2015.95   0.1078224   0.3528907
2016.00   0.1080429   0.3529468
2016.05   0.1082634   0.3530018
2016.10   0.1084839   0.3530557
2016.15   0.1087043   0.3531086
2016.20   0.1089247   0.3531602
2016.25   0.1091451   0.3532108
2016.30   0.1093654   0.3532602
2016.35   0.1095857   0.3533084
2016.40   0.1098060   0.3533554
2016.45   0.1100262   0.3534013
2016.50   0.1102463   0.3534460
2016.55   0.1104664   0.3534895
2016.60   0.1106864   0.3535318
2016.65   0.1109063   0.3535729
2016.70   0.1111261   0.3536128
2016.75   0.1113459   0.3536515
2016.80   0.1115655   0.3536890
2016.85   0.1117851   0.3537252
2016.90   0.1120045   0.3537602
2016.95   0.1122239   0.3537940
2017.00   0.1124431   0.3538265
2017.05   0.1126622   0.3538579
2017.10   0.1128811   0.3538879
2017.15   0.1130999   0.3539168
2017.20   0.1133185   0.3539444
2017.25   0.1135370   0.3539708
2017.30   0.1137553   0.3539960
2017.35   0.1139734   0.3540199
2017.40   0.1141914   0.3540427
2017.45   0.1144091   0.3540642
2017.50   0.1146267   0.3540844
2017.55   0.1148440   0.3541035
2017.60   0.1150611   0.3541214
2017.65   0.1152780   0.3541380
2017.70   0.1154946   0.3541535
2017.75   0.1157110   0.3541677
2017.80   0.1159272   0.3541808
2017.85   0.1161430   0.3541927
2017.90   0.1163586   0.3542034
2017.95   0.1165740   0.3542129
2018.00   0.1167890   0.3542213
2018.05   0.1170037   0.3542285
2018.10   0.1172181   0.3542346
2018.15   0.1174322   0.3542395
2018.20   0.1176460   0.3542433
2018.25   0.1178594   0.3542460
2018.30   0.1180725   0.3542476
2018.35   0.1182853   0.3542480
2018.40   0.1184976   0.3542474
2018.45   0.1187096   0.3542457
2018.50   0.1189212   0.3542429
2018.55   0.1191325   0.3542390
2018.60   0.1193433   0.3542341
2018.65   0.1195537   0.3542281
2018.70   0.1197637   0.3542211
2018.75   0.1199733   0.3542131
2018.80   0.1201825   0.3542040
2018.85   0.1203912   0.3541939
2018.90   0.1205994   0.3541829
2018.95   0.1208072   0.3541708
2019.00   0.1210146   0.3541578
2019.05   0.1212214   0.3541438
2019.10   0.1214278   0.3541289
2019.15   0.1216337   0.3541130
2019.20   0.1218391   0.3540962
2019.25   0.1220440   0.3540784
2019.30   0.1222484   0.3540598
2019.35   0.1224523   0.3540402
2019.40   0.1226556   0.3540198
2019.45   0.1228585   0.3539985
2019.50   0.1230607   0.3539763
2019.55   0.1232625   0.3539532
2019.60   0.1234636   0.3539293
2019.65   0.1236643   0.3539046
2019.70   0.1238643   0.3538790
2019.75   0.1240638   0.3538527
2019.80   0.1242627   0.3538255
2019.85   0.1244610   0.3537975
2019.90   0.1246588   0.3537688
2019.95   0.1248559   0.3537392
2020.00   0.1250525   0.3537089
2020.05   0.1252484   0.3536779
2020.10   0.1254438   0.3536461
2020.15   0.1256385   0.3536136
2020.20   0.1258326   0.3535803
2020.25   0.1260261   0.3535464
2020.30   0.1262189   0.3535117
2020.35   0.1264111   0.3534764
2020.40   0.1266027   0.3534403
2020.45   0.1267936   0.3534036
2020.50   0.1269839   0.3533662
2020.55   0.1271736   0.3533282
2020.60   0.1273626   0.3532895
2020.65   0.1275509   0.3532502
2020.70   0.1277386   0.3532102
2020.75   0.1279256   0.3531697
2020.80   0.1281119   0.3531285
2020.85   0.1282976   0.3530867
2020.90   0.1284826   0.3530443
2020.95   0.1286670   0.3530013
2021.00   0.1288506   0.3529577
2021.05   0.1290336   0.3529136
2021.10   0.1292159   0.3528689
2021.15   0.1293975   0.3528237
2021.20   0.1295785   0.3527779
2021.25   0.1297587   0.3527315
2021.30   0.1299383   0.3526846
2021.35   0.1301171   0.3526372
2021.40   0.1302953   0.3525893
2021.45   0.1304728   0.3525409
2021.50   0.1306496   0.3524920
2021.55   0.1308257   0.3524425
2021.60   0.1310011   0.3523926
2021.65   0.1311758   0.3523422
2021.70   0.1313498   0.3522913
2021.75   0.1315231   0.3522400
2021.80   0.1316957   0.3521881
2021.85   0.1318676   0.3521358
2021.90   0.1320388   0.3520831
2021.95   0.1322094   0.3520299
2022.00   0.1323792   0.3519763
2022.05   0.1325483   0.3519223
2022.10   0.1327167   0.3518678
2022.15   0.1328845   0.3518129
2022.20   0.1330515   0.3517575
2022.25   0.1332178   0.3517018
2022.30   0.1333834   0.3516457
2022.35   0.1335484   0.3515891
2022.40   0.1337126   0.3515322
2022.45   0.1338762   0.3514748
2022.50   0.1340390   0.3514171
2022.55   0.1342012   0.3513590
2022.60   0.1343627   0.3513006
2022.65   0.1345235   0.3512417
2022.70   0.1346835   0.3511825
2022.75   0.1348430   0.3511229
2022.80   0.1350017   0.3510630
2022.85   0.1351597   0.3510027
2022.90   0.1353171   0.3509421
2022.95   0.1354737   0.3508811
2023.00   0.1356297   0.3508198
2023.05   0.1357850   0.3507582
2023.10   0.1359397   0.3506962
2023.15   0.1360937   0.3506339
2023.20   0.1362469   0.3505713
2023.25   0.1363996   0.3505083
2023.30   0.1365515   0.3504451
2023.35   0.1367028   0.3503815
2023.40   0.1368534   0.3503177
2023.45   0.1370034   0.3502535
2023.50   0.1371527   0.3501890
2023.55   0.1373014   0.3501243
2023.60   0.1374494   0.3500592
2023.65   0.1375967   0.3499939
2023.70   0.1377434   0.3499283
2023.75   0.1378894   0.3498624
2023.80   0.1380348   0.3497962
2023.85   0.1381796   0.3497298
2023.90   0.1383237   0.3496630
2023.95   0.1384672   0.3495961
2024.00   0.1386100   0.3495288
2024.05   0.1387523   0.3494613
2024.10   0.1388938   0.3493936
